0.800000	4.000000	100000.000000	1.000000	0.290000	1.000000	20.000000	0	-1.#IND00	-1.#IND00
0.500000	8.000000	110000.000000	8.000000	0.070000	3.000000	22.000000	26	-1.#IND00	-1.#IND00
0.700000	5.000000	50000.000000	1.000000	0.240000	9.000000	13.000000	14	-1.#IND00	-1.#IND00
0.000000	4.000000	80000.000000	5.900000	0.040000	9.000000	22.000000	15	1.590570	0.030552
0.200000	2.000000	100000.000000	4.000000	0.080000	5.000000	13.000000	4	1.136970	0.037397
0.800000	8.000000	100000.000000	3.000000	0.230000	3.000000	24.000000	27	-1.#IND00	-1.#IND00
0.800000	3.000000	60000.000000	9.000000	0.030000	8.000000	15.000000	27	1.548371	0.038130
0.100000	2.000000	100000.000000	4.000000	0.080000	5.000000	20.000000	1	1.319150	0.040392
0.200000	2.000000	100000.000000	4.000000	0.080000	2.400000	20.000000	21	1.153086	0.067887
0.500000	2.000000	100000.000000	7.000000	0.060000	5.000000	25.000000	18	1.064890	0.143586
0.700000	5.000000	130000.000000	10.000000	0.020000	4.000000	20.000000	26	2.772171	0.086158
1.200000	9.000000	80000.000000	9.500000	0.030000	7.000000	29.000000	25	1.023165	0.036794
0.000000	3.600000	61000.000000	1.000000	0.340000	10.000000	26.000000	0	0.944988	0.095938
0.200000	2.000000	100000.000000	4.000000	0.080000	5.000000	20.000000	2	1.027684	0.068539
1.700000	2.000000	100000.000000	4.000000	0.000000	5.300000	11.000000	9	-1.#IND00	-1.#IND00
0.600000	6.200000	141000.000000	9.500000	0.170000	2.100000	16.000000	1	3.495412	0.134633
0.200000	2.000000	100000.000000	4.000000	0.080000	9.600000	26.000000	26	1.514259	0.132963
0.200000	7.000000	60000.000000	3.000000	0.260000	5.000000	27.000000	17	1.868771	0.106990
0.900000	5.000000	140000.000000	4.000000	0.000000	3.000000	15.000000	6	-1.#IND00	-1.#IND00
0.200000	5.200000	110000.000000	3.000000	0.340000	4.000000	20.000000	6	3.671927	0.137415
0.200000	2.000000	67000.000000	6.000000	0.150000	2.000000	14.000000	0	1.763155	0.081618
0.900000	1.000000	70000.000000	7.000000	0.080000	10.000000	10.000000	19	2.873491	0.086437
0.500000	3.000000	130000.000000	8.000000	0.080000	6.500000	20.000000	1	2.783946	0.104698
0.100000	5.000000	111000.000000	3.300000	0.130000	7.000000	19.000000	14	1.290681	0.141107
0.000000	3.000000	92000.000000	2.000000	0.240000	10.100000	16.000000	2	1.554925	0.144166
0.200000	5.200000	100000.000000	4.000000	0.000000	7.300000	24.000000	3	-1.#IND00	-1.#IND00
0.300000	9.000000	100000.000000	4.000000	0.080000	5.000000	20.000000	1	1.860160	0.074782
0.200000	2.000000	100000.000000	4.000000	0.040000	10.000000	16.000000	8	0.845385	0.136756
0.200000	6.000000	56000.000000	6.300000	0.090000	9.000000	21.000000	1	2.399108	0.131061
1.100000	7.000000	80000.000000	1.000000	0.000000	8.300000	16.000000	5	-1.#IND00	-1.#IND00
0.400000	7.000000	89000.000000	9.000000	0.080000	5.000000	20.000000	1	3.759920	0.094458
0.200000	1.000000	110000.000000	9.000000	0.000000	7.000000	21.000000	1	-1.#IND00	-1.#IND00
0.200000	8.000000	100000.000000	3.000000	0.000000	9.000000	10.000000	28	-1.#IND00	-1.#IND00
0.800000	8.000000	90000.000000	4.000000	0.080000	5.000000	20.000000	1	4.079282	0.087066
0.400000	6.000000	130000.000000	6.000000	0.040000	5.000000	11.000000	26	1.094984	0.088888
0.200000	0.200000	106000.000000	10.000000	0.000000	6.900000	20.000000	23	-1.#IND00	-1.#IND00
0.000000	6.100000	70000.000000	8.900000	0.220000	1.700000	24.000000	11	2.886908	0.149935
0.400000	0.900000	111000.000000	7.000000	0.000000	3.800000	12.000000	23	-1.#IND00	-1.#IND00
0.000000	9.300000	133000.000000	1.000000	0.000000	4.000000	11.000000	14	-1.#IND00	-1.#IND00
0.200000	2.000000	100000.000000	4.000000	0.080000	5.000000	20.000000	4	1.109553	0.070770
0.100000	4.000000	120000.000000	3.000000	0.290000	10.300000	27.000000	6	2.997429	0.146975
0.200000	2.000000	100000.000000	2.100000	0.370000	9.800000	29.000000	3	1.705392	0.146632
0.100000	3.000000	50000.000000	4.000000	0.250000	9.000000	20.000000	1	2.684283	0.133699
0.000000	4.900000	100000.000000	6.000000	0.120000	3.000000	16.000000	1	2.340744	0.084977
0.700000	9.000000	110000.000000	9.000000	0.040000	2.000000	13.000000	21	1.358678	0.127230
0.300000	4.600000	86000.000000	8.000000	0.000000	10.500000	10.000000	7	-1.#IND00	-1.#IND00
0.000000	3.000000	60000.000000	4.000000	0.080000	5.000000	20.000000	1	1.144068	0.145085
1.900000	7.000000	50000.000000	8.000000	0.050000	5.000000	21.000000	10	0.989729	0.059481
0.100000	2.000000	50000.000000	10.000000	0.090000	7.000000	23.000000	17	4.203419	0.127330
0.200000	5.000000	130000.000000	5.000000	0.150000	4.000000	19.000000	5	1.610716	0.094760
0.200000	8.000000	97000.000000	6.600000	0.000000	1.800000	14.000000	19	-1.#IND00	-1.#IND00
0.900000	7.000000	130000.000000	10.000000	0.000000	9.000000	20.000000	1	-1.#IND00	-1.#IND00
0.200000	2.000000	100000.000000	4.000000	0.080000	5.000000	11.000000	20	0.941924	0.069037
0.200000	4.500000	118000.000000	10.500000	0.000000	7.000000	23.000000	20	-1.#IND00	-1.#IND00
0.200000	2.000000	100000.000000	3.000000	0.150000	10.000000	10.000000	7	1.475368	0.071387
0.500000	4.000000	100000.000000	10.000000	0.000000	8.000000	26.000000	28	-1.#IND00	-1.#IND00
0.100000	6.000000	90000.000000	1.000000	0.170000	5.000000	16.000000	9	0.650423	0.141881
0.200000	4.700000	100000.000000	4.000000	0.080000	5.000000	29.000000	4	3.388693	0.133229
0.000000	4.000000	70000.000000	2.000000	0.430000	8.000000	25.000000	22	2.144636	0.143584
0.100000	6.000000	114000.000000	3.000000	0.140000	10.000000	27.000000	0	0.906672	0.139175
0.200000	4.600000	100000.000000	4.000000	0.000000	6.000000	26.000000	23	-1.#IND00	-1.#IND00
0.500000	9.000000	98000.000000	7.100000	0.040000	9.100000	14.000000	5	1.333002	0.086151
0.200000	2.000000	64000.000000	4.000000	0.290000	4.000000	22.000000	1	1.835089	0.142227
0.100000	5.000000	80000.000000	10.000000	0.000000	5.000000	12.000000	3	-1.#IND00	-1.#IND00
0.200000	8.000000	100000.000000	4.000000	0.080000	5.000000	26.000000	1	0.779146	0.044881
0.400000	3.000000	110000.000000	7.000000	0.110000	4.000000	26.000000	14	1.604347	0.100020
0.300000	9.000000	140000.000000	10.000000	0.120000	4.000000	20.000000	7	3.671706	0.125178
0.700000	5.000000	140000.000000	4.000000	0.080000	5.000000	20.000000	1	0.939292	0.048049
0.100000	4.900000	97000.000000	5.900000	0.000000	2.000000	18.000000	27	-1.#IND00	-1.#IND00
0.200000	3.100000	140000.000000	5.000000	0.000000	2.000000	18.000000	28	-1.#IND00	-1.#IND00
1.900000	2.000000	110000.000000	8.000000	0.040000	8.000000	16.000000	16	1.667523	0.082677
0.200000	2.000000	110000.000000	5.000000	0.000000	7.000000	18.000000	0	-1.#IND00	-1.#IND00
0.100000	6.000000	60000.000000	9.000000	0.090000	8.000000	26.000000	24	3.027508	0.132236
0.200000	2.000000	100000.000000	10.000000	0.000000	5.000000	26.000000	5	-1.#IND00	-1.#IND00
0.200000	4.000000	141000.000000	9.000000	0.020000	10.600000	11.000000	5	1.980332	0.111151
1.100000	4.000000	120000.000000	4.000000	0.030000	9.000000	20.000000	3	1.404582	0.118311
0.100000	2.000000	51000.000000	4.000000	0.080000	5.000000	20.000000	7	0.743703	0.063540
0.100000	2.000000	81000.000000	3.000000	0.310000	5.000000	27.000000	0	11.874528	0.126126
0.200000	7.500000	130000.000000	3.100000	0.210000	3.900000	10.000000	9	1.479428	0.143324
1.200000	8.000000	120000.000000	10.000000	0.000000	8.000000	29.000000	22	-1.#IND00	-1.#IND00
1.400000	8.000000	130000.000000	10.000000	0.010000	8.000000	29.000000	22	4.413125	0.073719
0.600000	5.000000	140000.000000	5.000000	0.070000	6.000000	14.000000	5	1.532306	0.054460
0.200000	2.000000	100000.000000	4.000000	0.000000	10.000000	23.000000	15	-1.#IND00	-1.#IND00
0.200000	2.000000	130000.000000	8.000000	0.180000	4.000000	28.000000	13	3.264131	0.147466
0.200000	1.900000	88000.000000	8.500000	0.000000	6.000000	19.000000	14	-1.#IND00	-1.#IND00
0.200000	2.000000	100000.000000	4.000000	0.080000	5.000000	12.000000	2	1.005137	0.135454
0.400000	9.000000	50000.000000	4.000000	0.110000	6.500000	20.000000	1	1.080465	0.110718
0.200000	2.000000	100000.000000	4.100000	0.080000	5.000000	28.000000	6	0.763397	0.039050
1.500000	2.000000	50000.000000	10.000000	0.020000	8.000000	19.000000	3	0.924940	0.081303
0.200000	9.000000	128000.000000	7.000000	0.000000	8.000000	20.000000	28	-1.#IND00	-1.#IND00
0.100000	9.000000	124000.000000	10.700000	0.000000	10.700000	28.000000	2	-1.#IND00	-1.#IND00
0.200000	2.000000	100000.000000	4.000000	0.080000	10.000000	10.000000	14	2.547327	0.143309
0.300000	8.000000	80000.000000	4.000000	0.080000	5.000000	20.000000	1	1.306135	0.053927
1.500000	8.000000	110000.000000	7.000000	0.000000	5.000000	20.000000	13	-1.#IND00	-1.#IND00
0.200000	2.000000	100000.000000	6.400000	0.000000	4.000000	27.000000	10	-1.#IND00	-1.#IND00
0.000000	5.100000	80000.000000	4.000000	0.000000	7.000000	24.000000	2	-1.#IND00	-1.#IND00
0.200000	4.700000	78000.000000	4.900000	0.000000	9.100000	17.000000	28	-1.#IND00	-1.#IND00
0.000000	9.000000	140000.000000	4.000000	0.120000	2.000000	15.000000	2	1.465883	0.137471
1.000000	1.000000	140000.000000	6.000000	0.000000	8.000000	20.000000	29	-1.#IND00	-1.#IND00
0.400000	4.000000	50000.000000	4.600000	0.080000	5.000000	20.000000	1	0.808040	0.103187
0.200000	4.200000	100000.000000	4.000000	0.080000	5.000000	13.000000	22	0.815600	0.077567
0.200000	2.000000	100000.000000	4.000000	0.080000	5.000000	20.000000	2	0.949572	0.093685
0.200000	3.000000	130000.000000	7.000000	0.060000	1.000000	10.000000	16	0.830263	0.090767
1.800000	5.000000	100000.000000	4.000000	0.080000	9.400000	20.000000	1	0.990573	0.039188
0.000000	9.000000	140000.000000	2.000000	0.370000	4.400000	27.000000	28	-1.#IND00	-1.#IND00
0.900000	2.000000	90000.000000	2.000000	0.000000	5.000000	27.000000	5	-1.#IND00	-1.#IND00
0.600000	4.000000	50000.000000	7.000000	0.210000	5.000000	13.000000	18	2.623895	0.137190
1.400000	9.000000	100000.000000	4.800000	0.040000	1.000000	19.000000	24	0.633404	0.070016
0.800000	1.000000	100000.000000	8.600000	0.000000	5.000000	20.000000	1	-1.#IND00	-1.#IND00
0.200000	5.800000	70000.000000	9.000000	0.060000	5.800000	13.000000	11	3.178325	0.149512
0.000000	7.300000	124000.000000	1.600000	0.210000	8.000000	10.000000	7	0.907327	0.088253
0.200000	5.400000	100000.000000	6.000000	0.090000	4.000000	19.000000	5	1.248538	0.120184
0.200000	7.600000	100000.000000	3.000000	0.140000	6.800000	13.000000	3	1.141563	0.145063
0.000000	4.000000	50000.000000	1.700000	0.380000	1.300000	24.000000	1	1.941645	0.128560
0.200000	9.300000	90000.000000	7.000000	0.080000	2.800000	15.000000	9	1.868300	0.137981
0.100000	3.000000	54000.000000	10.000000	0.030000	6.000000	12.000000	6	1.493198	0.064621
0.200000	2.000000	100000.000000	9.000000	0.000000	2.000000	13.000000	11	-1.#IND00	-1.#IND00
0.100000	5.000000	130000.000000	6.700000	0.080000	5.000000	17.000000	1	2.267660	0.080631
1.500000	2.000000	70000.000000	2.000000	0.000000	5.000000	18.000000	25	-1.#IND00	-1.#IND00
1.200000	3.000000	70000.000000	4.000000	0.000000	5.000000	18.000000	25	-1.#IND00	-1.#IND00
0.400000	1.800000	140000.000000	8.300000	0.000000	6.000000	19.000000	1	-1.#IND00	-1.#IND00
0.000000	2.000000	149000.000000	9.900000	0.000000	10.800000	17.000000	7	-1.#IND00	-1.#IND00
0.400000	8.000000	110000.000000	9.000000	0.090000	1.200000	13.000000	14	2.275046	0.075607
0.200000	2.000000	100000.000000	4.000000	0.080000	5.000000	19.000000	10	1.234732	0.089257
1.800000	3.000000	70000.000000	1.400000	0.000000	5.000000	13.000000	8	-1.#IND00	-1.#IND00
0.100000	6.600000	110000.000000	8.000000	0.000000	4.000000	12.000000	1	-1.#IND00	-1.#IND00
0.200000	2.000000	120000.000000	3.300000	0.000000	6.000000	29.000000	19	-1.#IND00	-1.#IND00
0.200000	2.000000	100000.000000	2.900000	0.310000	5.000000	16.000000	8	1.954944	0.129473
0.100000	8.600000	90000.000000	10.900000	0.080000	5.000000	20.000000	1	2.072816	0.049307
1.500000	8.000000	90000.000000	5.000000	0.010000	10.000000	27.000000	1	0.721780	0.060942
0.200000	7.600000	106000.000000	5.000000	0.000000	10.800000	13.000000	6	-1.#IND00	-1.#IND00
0.800000	0.300000	140000.000000	1.000000	0.000000	10.000000	12.000000	28	-1.#IND00	-1.#IND00
0.200000	2.000000	100000.000000	4.000000	0.080000	5.000000	20.000000	20	1.306839	0.144785
0.100000	4.000000	130000.000000	2.000000	0.020000	7.000000	22.000000	12	0.621369	0.029084
0.200000	2.000000	108000.000000	9.000000	0.190000	10.400000	13.000000	1	2.579907	0.103367
0.200000	4.400000	140000.000000	4.500000	0.080000	5.000000	20.000000	1	1.763456	0.093256
0.400000	7.600000	100000.000000	4.000000	0.080000	5.000000	23.000000	18	1.017495	0.093601
0.200000	2.000000	100000.000000	8.400000	0.080000	5.000000	21.000000	1	2.078487	0.146840
0.200000	7.000000	130000.000000	4.000000	0.190000	5.000000	28.000000	20	1.390990	0.146337
0.100000	4.300000	121000.000000	8.000000	0.160000	7.800000	27.000000	6	2.488807	0.145839
0.100000	9.000000	130000.000000	2.000000	0.370000	9.000000	13.000000	5	1.508903	0.119278
0.100000	7.400000	75000.000000	9.000000	0.000000	6.000000	14.000000	12	-1.#IND00	-1.#IND00
1.800000	9.000000	110000.000000	10.000000	0.060000	2.000000	13.000000	1	1.327805	0.062251
0.600000	8.000000	110000.000000	5.800000	0.060000	4.000000	17.000000	4	1.160023	0.093962
0.200000	7.000000	70000.000000	5.000000	0.240000	6.100000	10.000000	5	2.660684	0.132717
0.100000	5.000000	112000.000000	1.900000	0.260000	9.400000	17.000000	4	2.221648	0.139799
0.800000	2.000000	100000.000000	3.100000	0.080000	5.000000	24.000000	4	1.156202	0.042372
0.000000	2.000000	80000.000000	7.000000	0.000000	5.000000	26.000000	29	-1.#IND00	-1.#IND00
0.600000	2.000000	110000.000000	5.000000	0.030000	4.000000	13.000000	21	0.311060	0.061877
0.300000	1.800000	80000.000000	7.000000	0.000000	9.800000	24.000000	12	-1.#IND00	-1.#IND00
1.100000	9.100000	94000.000000	6.000000	0.000000	8.900000	21.000000	7	-1.#IND00	-1.#IND00
0.100000	7.300000	138000.000000	9.400000	0.000000	4.000000	15.000000	10	-1.#IND00	-1.#IND00
0.700000	6.000000	110000.000000	6.000000	0.000000	3.000000	15.000000	11	-1.#IND00	-1.#IND00
0.100000	2.000000	121000.000000	7.000000	0.000000	4.000000	18.000000	27	-1.#IND00	-1.#IND00
0.000000	5.900000	62000.000000	7.000000	0.200000	5.800000	22.000000	24	2.109283	0.140244
0.900000	2.000000	100000.000000	3.000000	0.000000	5.000000	29.000000	1	-1.#IND00	-1.#IND00
0.600000	6.000000	140000.000000	5.000000	0.130000	6.000000	25.000000	12	0.545282	0.084233
0.800000	6.200000	70000.000000	4.000000	0.050000	3.000000	10.000000	24	1.310305	0.081407
0.200000	2.000000	100000.000000	4.000000	0.080000	5.000000	20.000000	6	2.040159	0.060258
0.100000	6.000000	128000.000000	9.000000	0.110000	2.000000	22.000000	17	7.324310	0.146533
0.300000	3.000000	60000.000000	8.000000	0.060000	7.000000	20.000000	4	2.494446	0.077110
0.600000	2.000000	100000.000000	9.000000	0.010000	2.000000	26.000000	6	2.683954	0.105997
0.200000	2.600000	93000.000000	6.500000	0.000000	9.500000	15.000000	23	-1.#IND00	-1.#IND00
0.100000	8.000000	80000.000000	3.800000	0.240000	8.500000	29.000000	16	1.969421	0.139583
0.200000	2.000000	100000.000000	4.000000	0.080000	5.000000	25.000000	5	0.806323	0.124862
1.500000	1.700000	76000.000000	8.000000	0.000000	9.800000	24.000000	18	-1.#IND00	-1.#IND00
0.300000	4.000000	80000.000000	2.000000	0.160000	9.000000	12.000000	26	1.528086	0.134648
0.400000	5.000000	60000.000000	6.300000	0.190000	8.100000	27.000000	21	3.260241	0.127851
0.100000	8.000000	60000.000000	6.000000	0.090000	6.000000	28.000000	11	1.552154	0.068416
0.200000	2.000000	100000.000000	4.000000	0.000000	9.000000	22.000000	2	-1.#IND00	-1.#IND00
0.600000	9.200000	50000.000000	9.000000	0.000000	9.000000	11.000000	26	-1.#IND00	-1.#IND00
0.200000	7.000000	120000.000000	4.000000	0.080000	5.000000	18.000000	1	1.210853	0.083719
1.500000	5.000000	50000.000000	1.700000	0.000000	4.000000	23.000000	14	-1.#IND00	-1.#IND00
0.900000	2.000000	140000.000000	4.000000	0.080000	5.000000	20.000000	1	1.128386	0.068501
0.000000	5.000000	97000.000000	9.100000	0.000000	7.000000	23.000000	25	-1.#IND00	-1.#IND00
0.200000	3.000000	50000.000000	6.000000	0.020000	8.000000	17.000000	3	0.661911	0.084606
0.200000	2.000000	100000.000000	7.000000	0.120000	4.600000	20.000000	9	3.167162	0.125828
1.700000	9.000000	67000.000000	4.800000	0.000000	7.000000	13.000000	13	-1.#IND00	-1.#IND00
0.000000	8.000000	70000.000000	2.700000	0.450000	7.300000	17.000000	11	1.663327	0.146746
0.300000	9.000000	100000.000000	4.000000	0.070000	2.000000	12.000000	28	1.903545	0.069703
0.100000	6.800000	146000.000000	2.100000	0.100000	10.800000	29.000000	4	0.812745	0.091917
0.600000	4.000000	60000.000000	3.000000	0.000000	5.000000	28.000000	1	-1.#IND00	-1.#IND00
0.100000	2.000000	120000.000000	5.000000	0.280000	2.000000	29.000000	4	2.269908	0.116413
0.400000	1.000000	60000.000000	1.000000	0.000000	1.000000	23.000000	16	-1.#IND00	-1.#IND00
1.900000	2.000000	72000.000000	5.000000	0.000000	10.000000	25.000000	7	-1.#IND00	-1.#IND00
0.100000	8.000000	70000.000000	9.000000	0.000000	7.000000	11.000000	28	-1.#IND00	-1.#IND00
0.200000	5.400000	80000.000000	7.000000	0.170000	3.000000	17.000000	1	3.587383	0.118606
0.200000	2.000000	100000.000000	4.000000	0.090000	9.000000	14.000000	7	0.848235	0.066997
0.200000	9.000000	130000.000000	3.000000	0.000000	9.100000	20.000000	16	-1.#IND00	-1.#IND00
0.300000	7.600000	70000.000000	9.000000	0.110000	4.000000	11.000000	7	2.496828	0.143491
0.200000	4.500000	50000.000000	5.000000	0.030000	1.000000	10.000000	14	3.012690	0.056615
0.100000	5.800000	107000.000000	2.500000	0.130000	10.400000	23.000000	5	0.956481	0.058852
0.000000	6.000000	100000.000000	3.000000	0.190000	6.000000	19.000000	19	1.596573	0.113361
0.200000	2.000000	60000.000000	5.000000	0.140000	8.000000	28.000000	0	1.784370	0.075752
0.100000	8.000000	141000.000000	8.000000	0.120000	3.000000	11.000000	13	1.610684	0.070770
0.100000	7.000000	106000.000000	1.000000	0.000000	7.600000	20.000000	1	-1.#IND00	-1.#IND00
0.200000	2.000000	100000.000000	4.000000	0.080000	5.000000	20.000000	20	2.311445	0.063947
0.200000	1.000000	120000.000000	2.000000	0.000000	3.200000	28.000000	26	-1.#IND00	-1.#IND00
1.100000	5.000000	60000.000000	9.000000	0.040000	4.000000	20.000000	0	1.526212	0.066187
0.200000	2.000000	116000.000000	6.800000	0.000000	8.100000	27.000000	0	-1.#IND00	-1.#IND00
0.200000	2.000000	114000.000000	4.000000	0.080000	2.000000	28.000000	6	0.891503	0.084857
0.200000	2.000000	100000.000000	4.000000	0.080000	5.000000	17.000000	0	3.712936	0.066718
0.200000	2.000000	100000.000000	4.000000	0.080000	5.000000	20.000000	6	1.543550	0.046865
0.500000	4.000000	118000.000000	10.000000	0.080000	6.000000	29.000000	3	2.026118	0.066040
0.200000	7.400000	80000.000000	4.000000	0.050000	10.000000	26.000000	5	3.041816	0.061697
0.300000	5.000000	51000.000000	3.000000	0.260000	9.000000	24.000000	0	2.127592	0.108941
0.000000	9.000000	140000.000000	9.000000	0.080000	4.000000	10.000000	24	2.511009	0.098531
0.000000	1.000000	100000.000000	4.000000	0.080000	4.700000	20.000000	1	1.622288	0.050237
1.400000	7.000000	60000.000000	7.000000	0.000000	10.000000	15.000000	3	-1.#IND00	-1.#IND00
0.900000	6.000000	100000.000000	3.000000	0.050000	7.000000	23.000000	18	0.712036	0.078593
0.000000	6.000000	81000.000000	7.000000	0.040000	1.000000	12.000000	4	0.607259	0.025567
0.100000	0.100000	70000.000000	10.500000	0.000000	10.700000	11.000000	22	-1.#IND00	-1.#IND00
0.400000	9.000000	130000.000000	9.000000	0.060000	4.000000	28.000000	7	3.347175	0.125268
0.200000	2.000000	71000.000000	4.000000	0.140000	3.400000	21.000000	1	1.309723	0.082502
0.000000	9.000000	120000.000000	1.000000	0.420000	8.000000	16.000000	3	1.126623	0.105338
0.100000	3.900000	100000.000000	7.500000	0.010000	9.000000	23.000000	10	2.923849	0.115518
1.900000	6.000000	50000.000000	10.000000	0.000000	9.000000	12.000000	8	-1.#IND00	-1.#IND00
0.000000	6.000000	145000.000000	6.300000	0.200000	1.000000	10.000000	9	2.800343	0.107981
0.100000	9.500000	50000.000000	8.000000	0.090000	7.000000	21.000000	1	1.597368	0.078088
0.200000	1.000000	100000.000000	9.000000	0.000000	6.800000	20.000000	1	-1.#IND00	-1.#IND00
0.200000	2.000000	72000.000000	4.000000	0.080000	5.000000	20.000000	1	1.831075	0.082851
0.000000	3.000000	100000.000000	4.000000	0.190000	6.000000	14.000000	7	3.168190	0.137053
0.200000	3.600000	100000.000000	8.800000	0.090000	8.000000	16.000000	13	2.677433	0.107979
0.200000	2.000000	100000.000000	9.400000	0.080000	5.000000	20.000000	8	2.616278	0.091559
1.600000	9.000000	110000.000000	10.000000	0.000000	5.000000	20.000000	1	-1.#IND00	-1.#IND00
0.000000	4.000000	90000.000000	7.000000	0.020000	6.000000	10.000000	1	0.800137	0.029996
1.700000	1.900000	130000.000000	10.000000	0.000000	3.000000	16.000000	15	-1.#IND00	-1.#IND00
0.000000	7.000000	87000.000000	4.000000	0.250000	5.000000	23.000000	20	3.789620	0.139254
1.800000	7.000000	113000.000000	8.000000	0.080000	5.000000	20.000000	1	2.494140	0.107579
0.100000	7.000000	80000.000000	4.000000	0.200000	5.000000	24.000000	13	1.892177	0.137664
0.200000	2.000000	100000.000000	4.000000	0.080000	4.000000	23.000000	18	1.132228	0.102772
1.700000	1.000000	50000.000000	7.000000	0.000000	8.000000	20.000000	1	-1.#IND00	-1.#IND00
0.300000	3.000000	112000.000000	9.000000	0.320000	4.000000	12.000000	23	1.910639	0.141983
0.200000	4.000000	130000.000000	1.500000	0.000000	10.100000	22.000000	1	-1.#IND00	-1.#IND00
0.400000	2.000000	120000.000000	8.900000	0.040000	3.000000	18.000000	5	2.863152	0.042408
1.800000	5.000000	140000.000000	9.600000	0.020000	10.000000	27.000000	9	1.061867	0.050298
0.300000	4.300000	110000.000000	4.000000	0.140000	3.400000	25.000000	7	2.361264	0.122164
0.800000	7.000000	110000.000000	7.000000	0.000000	3.000000	23.000000	11	-1.#IND00	-1.#IND00
1.900000	5.000000	92000.000000	9.600000	0.000000	6.400000	15.000000	16	-1.#IND00	-1.#IND00
1.700000	8.000000	100000.000000	2.000000	0.000000	5.000000	21.000000	10	-1.#IND00	-1.#IND00
0.200000	2.000000	100000.000000	4.000000	0.080000	4.600000	29.000000	3	1.544315	0.102222
0.000000	3.000000	140000.000000	5.900000	0.000000	5.000000	20.000000	1	-1.#IND00	-1.#IND00
1.900000	8.000000	64000.000000	2.000000	0.000000	5.000000	20.000000	1	-1.#IND00	-1.#IND00
0.000000	4.000000	70000.000000	7.000000	0.000000	6.000000	21.000000	7	-1.#IND00	-1.#IND00
1.300000	2.000000	80000.000000	10.000000	0.000000	7.000000	26.000000	21	-1.#IND00	-1.#IND00
0.000000	2.000000	70000.000000	4.000000	0.000000	7.000000	17.000000	12	-1.#IND00	-1.#IND00
0.000000	2.000000	50000.000000	4.000000	0.070000	1.000000	11.000000	28	1.545405	0.112700
1.500000	7.000000	120000.000000	6.000000	0.050000	10.000000	20.000000	1	4.786917	0.112139
0.400000	4.000000	140000.000000	8.000000	0.110000	4.000000	19.000000	6	4.301552	0.135777
0.300000	4.700000	135000.000000	4.000000	0.180000	9.000000	22.000000	5	3.104227	0.108772
1.400000	3.000000	130000.000000	5.000000	0.000000	1.000000	29.000000	22	-1.#IND00	-1.#IND00
0.300000	1.000000	70000.000000	7.000000	0.030000	3.000000	19.000000	26	1.285472	0.075607
0.600000	5.000000	140000.000000	10.000000	0.090000	6.000000	11.000000	20	3.171428	0.132299
0.200000	2.000000	100000.000000	4.000000	0.000000	5.000000	25.000000	5	-1.#IND00	-1.#IND00
1.500000	8.000000	100000.000000	4.000000	0.000000	5.000000	26.000000	1	-1.#IND00	-1.#IND00
0.200000	0.900000	139000.000000	4.400000	0.000000	10.000000	12.000000	0	-1.#IND00	-1.#IND00
0.200000	5.900000	95000.000000	4.000000	0.000000	3.000000	24.000000	7	-1.#IND00	-1.#IND00
0.200000	2.000000	63000.000000	7.100000	0.080000	5.000000	20.000000	15	1.475713	0.097091
0.000000	2.000000	80000.000000	6.000000	0.080000	5.000000	20.000000	1	1.601342	0.142942
0.200000	2.000000	100000.000000	4.000000	0.080000	5.000000	10.000000	14	0.960480	0.124155
1.200000	1.400000	119000.000000	10.000000	0.000000	7.000000	25.000000	3	-1.#IND00	-1.#IND00
0.200000	3.000000	70000.000000	6.000000	0.000000	3.000000	19.000000	13	-1.#IND00	-1.#IND00
0.200000	1.000000	140000.000000	8.200000	0.260000	4.000000	10.000000	6	2.003145	0.139540
0.900000	5.000000	140000.000000	10.000000	0.020000	9.000000	27.000000	1	1.453452	0.025594
0.000000	4.000000	112000.000000	1.000000	0.000000	5.000000	19.000000	23	-1.#IND00	-1.#IND00
1.900000	8.000000	52000.000000	2.000000	0.000000	8.000000	12.000000	1	-1.#IND00	-1.#IND00
0.200000	2.000000	82000.000000	5.000000	0.300000	6.000000	20.000000	3	3.306834	0.147590
0.200000	2.000000	123000.000000	10.300000	0.000000	1.000000	16.000000	2	-1.#IND00	-1.#IND00
0.000000	6.000000	60000.000000	3.000000	0.360000	5.000000	17.000000	8	3.221113	0.133239
0.200000	0.800000	100000.000000	4.000000	0.080000	5.000000	20.000000	9	2.902011	0.093214
1.000000	9.600000	100000.000000	6.000000	0.000000	2.600000	25.000000	3	-1.#IND00	-1.#IND00
1.200000	6.400000	93000.000000	4.000000	0.000000	6.000000	13.000000	21	-1.#IND00	-1.#IND00
0.000000	8.000000	85000.000000	6.000000	0.150000	8.000000	22.000000	21	1.613738	0.140585
0.100000	6.600000	111000.000000	1.000000	0.000000	2.500000	15.000000	24	-1.#IND00	-1.#IND00
0.400000	5.000000	100000.000000	10.000000	0.130000	5.000000	27.000000	13	2.620492	0.103696
0.100000	9.000000	90000.000000	10.000000	0.090000	1.000000	17.000000	17	1.527597	0.124014
0.000000	9.000000	75000.000000	4.000000	0.250000	6.000000	10.000000	1	-1.#IND00	-1.#IND00
1.900000	7.200000	140000.000000	5.000000	0.000000	3.100000	10.000000	20	-1.#IND00	-1.#IND00
0.200000	2.000000	100000.000000	4.000000	0.080000	5.000000	18.000000	0	1.071116	0.059468
0.000000	4.000000	130000.000000	5.700000	0.120000	3.000000	16.000000	2	1.709659	0.122986
0.100000	9.600000	134000.000000	3.600000	0.330000	5.900000	24.000000	2	2.607131	0.128441
1.100000	3.000000	70000.000000	2.000000	0.000000	2.000000	13.000000	14	-1.#IND00	-1.#IND00
1.900000	6.100000	140000.000000	6.000000	0.000000	9.000000	23.000000	15	-1.#IND00	-1.#IND00
0.100000	1.000000	90000.000000	7.000000	0.070000	9.400000	11.000000	19	4.705635	0.116172
0.500000	2.600000	70000.000000	3.200000	0.020000	1.000000	19.000000	6	0.672635	0.054055
0.200000	2.000000	100000.000000	7.200000	0.000000	5.000000	15.000000	22	-1.#IND00	-1.#IND00
0.100000	7.000000	90000.000000	3.000000	0.000000	5.000000	12.000000	20	-1.#IND00	-1.#IND00
0.600000	2.000000	100000.000000	4.000000	0.080000	5.000000	20.000000	1	0.820363	0.047506
1.700000	9.000000	140000.000000	8.000000	0.040000	6.000000	27.000000	25	0.794083	0.110265
0.200000	3.500000	100000.000000	4.000000	0.080000	1.000000	16.000000	18	1.417368	0.055827
1.800000	6.000000	50000.000000	1.300000	0.000000	6.100000	29.000000	29	-1.#IND00	-1.#IND00
0.200000	8.000000	60000.000000	5.000000	0.000000	10.500000	20.000000	8	-1.#IND00	-1.#IND00
0.000000	6.100000	70000.000000	10.000000	0.010000	5.000000	20.000000	1	1.233096	0.072364
1.300000	8.000000	90000.000000	7.000000	0.100000	9.000000	16.000000	17	1.773769	0.060518
0.200000	3.500000	50000.000000	10.000000	0.090000	3.000000	12.000000	13	1.672780	0.079624
0.100000	4.000000	130000.000000	8.000000	0.110000	9.000000	24.000000	2	1.296742	0.128200
0.000000	1.600000	111000.000000	2.300000	0.380000	9.100000	20.000000	1	2.146503	0.142648
1.500000	5.700000	70000.000000	4.000000	0.000000	5.000000	22.000000	17	-1.#IND00	-1.#IND00
0.000000	7.000000	79000.000000	3.200000	0.000000	7.000000	28.000000	3	-1.#IND00	-1.#IND00
0.200000	2.000000	91000.000000	4.000000	0.080000	7.000000	12.000000	4	0.935807	0.041223
0.300000	9.000000	113000.000000	2.700000	0.000000	10.700000	21.000000	5	-1.#IND00	-1.#IND00
0.200000	2.000000	80000.000000	3.800000	0.290000	4.000000	10.000000	1	0.633622	0.134545
0.200000	4.500000	100000.000000	4.000000	0.080000	5.000000	26.000000	11	0.977822	0.120376
0.100000	6.000000	130000.000000	10.000000	0.000000	5.000000	20.000000	1	-1.#IND00	-1.#IND00
0.900000	5.000000	90000.000000	8.000000	0.000000	5.000000	20.000000	1	-1.#IND00	-1.#IND00
0.300000	9.000000	80000.000000	6.000000	0.150000	7.000000	20.000000	10	2.783482	0.106858
0.200000	2.000000	120000.000000	4.000000	0.220000	9.000000	19.000000	14	3.788826	0.116505
1.400000	1.000000	50000.000000	10.000000	0.100000	5.000000	14.000000	25	1.406141	0.051177
0.400000	3.700000	100000.000000	4.000000	0.120000	5.000000	10.000000	1	1.921370	0.083033
0.200000	1.500000	70000.000000	9.600000	0.000000	10.700000	23.000000	13	-1.#IND00	-1.#IND00
0.100000	5.000000	80000.000000	2.000000	0.000000	2.800000	12.000000	14	-1.#IND00	-1.#IND00
1.800000	4.000000	92000.000000	4.000000	0.000000	5.000000	20.000000	27	-1.#IND00	-1.#IND00
0.000000	2.000000	94000.000000	7.000000	0.120000	6.000000	11.000000	4	2.905126	0.123097
0.200000	7.300000	60000.000000	1.000000	0.000000	10.000000	18.000000	20	-1.#IND00	-1.#IND00
1.700000	9.000000	80000.000000	4.000000	0.000000	3.000000	16.000000	11	-1.#IND00	-1.#IND00
0.200000	6.000000	100000.000000	4.000000	0.230000	7.700000	27.000000	9	4.823673	0.125176
0.000000	4.000000	110000.000000	9.000000	0.020000	4.000000	23.000000	14	1.118088	0.058475
0.200000	2.000000	100000.000000	4.000000	0.210000	5.000000	22.000000	21	1.527217	0.139101
0.200000	2.000000	100000.000000	5.000000	0.210000	4.000000	22.000000	14	5.073891	0.147069
0.500000	1.000000	140000.000000	8.000000	0.020000	4.000000	28.000000	9	0.614189	0.032968
0.000000	7.000000	130000.000000	1.000000	0.310000	8.000000	29.000000	1	1.956848	0.145914
1.000000	2.000000	50000.000000	8.400000	0.000000	6.000000	27.000000	3	-1.#IND00	-1.#IND00
1.300000	4.700000	120000.000000	2.200000	0.080000	1.700000	20.000000	1	1.014290	0.053110
0.300000	3.000000	126000.000000	8.000000	0.080000	7.000000	14.000000	4	2.473520	0.124523
0.200000	7.000000	130000.000000	8.000000	0.000000	10.700000	18.000000	16	-1.#IND00	-1.#IND00
1.700000	9.000000	118000.000000	5.100000	0.000000	9.500000	11.000000	22	-1.#IND00	-1.#IND00
1.800000	2.000000	100000.000000	6.600000	0.000000	4.000000	22.000000	8	-1.#IND00	-1.#IND00
0.200000	2.000000	100000.000000	4.000000	0.080000	5.000000	15.000000	6	1.257413	0.099741
1.700000	8.000000	133000.000000	8.000000	0.120000	3.000000	15.000000	1	5.903555	0.132738
0.100000	9.000000	140000.000000	6.000000	0.130000	5.000000	21.000000	2	3.464799	0.103386
1.800000	2.000000	90000.000000	3.000000	0.000000	1.000000	26.000000	27	-1.#IND00	-1.#IND00
1.100000	3.100000	100000.000000	8.500000	0.000000	2.100000	23.000000	5	-1.#IND00	-1.#IND00
0.200000	9.600000	110000.000000	8.000000	0.130000	6.000000	20.000000	14	3.217206	0.125464
0.200000	2.000000	100000.000000	4.000000	0.080000	5.000000	20.000000	8	1.186797	0.084676
0.200000	2.000000	100000.000000	4.000000	0.220000	5.000000	17.000000	14	1.378083	0.137552
0.200000	6.000000	80000.000000	10.000000	0.020000	7.000000	13.000000	9	2.001304	0.049321
1.600000	9.800000	84000.000000	1.800000	0.000000	4.800000	14.000000	18	-1.#IND00	-1.#IND00
0.900000	5.200000	115000.000000	10.100000	0.060000	10.000000	27.000000	18	1.803162	0.097516
0.400000	1.000000	140000.000000	8.000000	0.070000	5.000000	18.000000	27	1.325451	0.105774
0.200000	2.000000	50000.000000	4.000000	0.000000	9.000000	18.000000	12	-1.#IND00	-1.#IND00
0.200000	2.000000	102000.000000	4.000000	0.080000	5.000000	21.000000	23	1.437228	0.101137
1.100000	0.000000	100000.000000	3.000000	0.000000	1.000000	27.000000	29	-1.#IND00	-1.#IND00
1.100000	8.000000	60000.000000	8.000000	0.110000	7.000000	15.000000	26	2.119019	0.090066
0.100000	3.700000	60000.000000	2.000000	0.300000	8.000000	18.000000	6	2.396939	0.087592
0.200000	4.400000	90000.000000	8.000000	0.000000	3.100000	17.000000	0	-1.#IND00	-1.#IND00
0.000000	5.000000	120000.000000	1.000000	0.220000	4.700000	12.000000	1	0.850846	0.119228
0.200000	6.000000	60000.000000	1.000000	0.000000	5.000000	20.000000	1	-1.#IND00	-1.#IND00
0.300000	5.600000	50000.000000	9.000000	0.000000	3.000000	14.000000	1	-1.#IND00	-1.#IND00
1.800000	6.000000	50000.000000	6.000000	0.040000	2.000000	11.000000	0	0.850273	0.084261
1.600000	4.000000	125000.000000	3.200000	0.000000	10.600000	12.000000	12	-1.#IND00	-1.#IND00
1.700000	9.500000	61000.000000	10.900000	0.230000	10.000000	21.000000	3	1.336573	0.077822
0.200000	1.000000	110000.000000	6.000000	0.000000	3.000000	21.000000	10	-1.#IND00	-1.#IND00
0.800000	7.300000	130000.000000	3.900000	0.000000	1.000000	29.000000	23	-1.#IND00	-1.#IND00
1.600000	4.000000	110000.000000	5.000000	0.170000	10.000000	24.000000	17	3.258774	0.073845
0.100000	5.800000	140000.000000	6.000000	0.000000	9.700000	25.000000	7	-1.#IND00	-1.#IND00
0.600000	0.000000	140000.000000	8.000000	0.000000	4.500000	19.000000	3	-1.#IND00	-1.#IND00
0.300000	8.000000	100000.000000	9.000000	0.070000	2.000000	21.000000	10	1.574409	0.112628
0.200000	5.500000	60000.000000	6.300000	0.000000	10.000000	10.000000	22	-1.#IND00	-1.#IND00
1.200000	0.000000	130000.000000	10.000000	0.020000	1.000000	13.000000	26	2.030299	0.081841
0.700000	4.000000	111000.000000	10.000000	0.000000	5.400000	21.000000	26	-1.#IND00	-1.#IND00
0.200000	2.000000	130000.000000	4.000000	0.100000	8.000000	21.000000	2	2.432697	0.147823
0.200000	2.000000	80000.000000	4.000000	0.000000	3.000000	19.000000	8	-1.#IND00	-1.#IND00
0.200000	2.000000	100000.000000	4.000000	0.120000	6.000000	27.000000	0	1.461379	0.092774
1.400000	0.600000	60000.000000	2.400000	0.000000	7.000000	27.000000	5	-1.#IND00	-1.#IND00
0.300000	2.000000	110000.000000	2.000000	0.020000	8.000000	20.000000	12	0.776734	0.108177
0.400000	2.000000	100000.000000	4.000000	0.080000	10.000000	12.000000	21	8.407304	0.088643
1.100000	5.800000	65000.000000	10.000000	0.000000	9.400000	24.000000	25	-1.#IND00	-1.#IND00
1.000000	4.000000	70000.000000	5.000000	0.070000	9.000000	10.000000	14	1.068893	0.049721
0.200000	7.000000	110000.000000	7.800000	0.000000	10.000000	10.000000	22	-1.#IND00	-1.#IND00
0.200000	2.000000	100000.000000	4.000000	0.240000	5.300000	29.000000	3	1.341008	0.129768
1.400000	4.000000	140000.000000	10.000000	0.000000	5.000000	21.000000	1	-1.#IND00	-1.#IND00
0.200000	2.000000	60000.000000	10.000000	0.000000	7.200000	11.000000	21	-1.#IND00	-1.#IND00
0.200000	2.000000	100000.000000	10.000000	0.080000	1.500000	12.000000	14	1.301885	0.149420
0.200000	2.000000	70000.000000	3.000000	0.180000	3.700000	23.000000	24	2.158041	0.144103
1.000000	8.200000	90000.000000	10.000000	0.000000	1.000000	21.000000	26	-1.#IND00	-1.#IND00
1.000000	3.000000	90000.000000	5.000000	0.000000	7.000000	28.000000	1	-1.#IND00	-1.#IND00
0.000000	7.000000	130000.000000	9.800000	0.010000	5.000000	13.000000	24	0.879090	0.057430
0.200000	7.500000	143000.000000	2.800000	0.400000	5.000000	11.000000	1	1.804000	0.142432
0.700000	1.000000	110000.000000	5.000000	0.000000	6.000000	14.000000	1	-1.#IND00	-1.#IND00
0.500000	6.000000	144000.000000	10.000000	0.030000	6.000000	23.000000	7	1.399012	0.062381
1.900000	4.000000	70000.000000	10.000000	0.020000	6.000000	17.000000	11	1.276946	0.039855
0.200000	2.000000	130000.000000	8.000000	0.000000	7.000000	12.000000	3	-1.#IND00	-1.#IND00
1.400000	8.000000	80000.000000	10.000000	0.040000	8.000000	18.000000	24	1.007517	0.064577
0.300000	5.900000	78000.000000	5.500000	0.000000	8.000000	11.000000	6	-1.#IND00	-1.#IND00
0.200000	2.000000	110000.000000	9.000000	0.150000	8.000000	24.000000	25	4.544781	0.144578
0.200000	2.000000	80000.000000	3.600000	0.000000	5.000000	13.000000	1	-1.#IND00	-1.#IND00
1.700000	8.000000	100000.000000	5.000000	0.040000	7.000000	28.000000	22	0.853203	0.028505
0.100000	2.900000	80000.000000	3.400000	0.290000	3.000000	26.000000	0	3.441856	0.135275
0.400000	2.000000	100000.000000	4.000000	0.080000	5.000000	20.000000	1	0.676628	0.078602
0.000000	8.000000	80000.000000	6.000000	0.120000	6.000000	19.000000	1	1.898895	0.136075
0.200000	2.000000	100000.000000	4.000000	0.080000	5.000000	20.000000	6	0.984663	0.089495
0.200000	7.400000	93000.000000	7.900000	0.180000	3.200000	26.000000	12	1.827440	0.124149
0.200000	2.000000	100000.000000	4.000000	0.080000	5.000000	20.000000	21	0.884236	0.128841
0.000000	5.000000	143000.000000	4.700000	0.240000	1.000000	19.000000	9	2.532487	0.134841
1.700000	8.000000	80000.000000	7.000000	0.180000	6.000000	15.000000	23	3.035187	0.145010
1.500000	2.000000	120000.000000	9.000000	0.000000	8.700000	25.000000	9	-1.#IND00	-1.#IND00
0.500000	1.000000	140000.000000	8.000000	0.130000	8.000000	25.000000	1	2.731783	0.118098
0.200000	2.000000	100000.000000	4.000000	0.080000	5.000000	20.000000	16	0.827897	0.056570
0.200000	2.000000	120000.000000	2.000000	0.000000	7.000000	22.000000	20	-1.#IND00	-1.#IND00
0.100000	2.000000	110000.000000	4.000000	0.080000	5.000000	20.000000	1	1.267185	0.059047
1.100000	6.000000	120000.000000	10.000000	0.140000	10.000000	21.000000	1	3.252465	0.125833
1.200000	4.000000	110000.000000	6.000000	0.010000	7.000000	26.000000	18	0.616626	0.045485
0.300000	6.000000	70000.000000	1.400000	0.000000	10.000000	28.000000	23	-1.#IND00	-1.#IND00
0.600000	4.000000	120000.000000	7.000000	0.040000	4.000000	29.000000	6	1.074820	0.085945
0.100000	8.000000	109000.000000	3.000000	0.000000	3.700000	10.000000	15	-1.#IND00	-1.#IND00
0.000000	5.900000	67000.000000	8.000000	0.040000	1.000000	20.000000	3	1.007732	0.144672
0.500000	3.000000	60000.000000	4.000000	0.080000	5.000000	20.000000	1	1.091703	0.049936
0.300000	8.600000	56000.000000	5.400000	0.140000	9.100000	12.000000	11	3.097040	0.149783
0.200000	2.000000	100000.000000	4.000000	0.170000	3.000000	25.000000	12	1.605194	0.135640
0.000000	9.800000	94000.000000	5.800000	0.000000	2.500000	16.000000	1	-1.#IND00	-1.#IND00
0.200000	2.000000	100000.000000	4.000000	0.080000	4.000000	14.000000	13	0.699129	0.124626
0.100000	6.000000	110000.000000	1.000000	0.260000	5.000000	20.000000	1	1.080768	0.112579
0.100000	8.000000	90000.000000	1.500000	0.290000	5.000000	20.000000	1	2.108297	0.125077
0.100000	2.000000	60000.000000	1.000000	0.270000	4.000000	29.000000	1	1.302870	0.121323
1.900000	4.300000	66000.000000	8.100000	0.000000	9.000000	15.000000	17	-1.#IND00	-1.#IND00
1.300000	2.000000	100000.000000	3.000000	0.000000	4.300000	13.000000	13	-1.#IND00	-1.#IND00
0.000000	7.000000	80000.000000	5.500000	0.180000	5.000000	12.000000	13	-1.#IND00	-1.#IND00
0.200000	6.000000	60000.000000	8.000000	0.070000	8.600000	19.000000	19	1.649665	0.108336
0.200000	2.000000	100000.000000	3.600000	0.060000	3.000000	29.000000	7	1.306746	0.108209
1.600000	9.000000	120000.000000	7.000000	0.000000	8.000000	21.000000	25	-1.#IND00	-1.#IND00
0.200000	0.000000	140000.000000	6.000000	0.000000	8.400000	26.000000	1	-1.#IND00	-1.#IND00
0.200000	2.000000	60000.000000	7.600000	0.110000	6.000000	28.000000	27	2.461407	0.129687
1.900000	1.000000	110000.000000	7.900000	0.000000	3.000000	26.000000	3	-1.#IND00	-1.#IND00
0.300000	6.000000	140000.000000	3.000000	0.130000	8.000000	11.000000	7	1.371949	0.144774
0.200000	0.000000	130000.000000	3.600000	0.000000	1.000000	25.000000	9	-1.#IND00	-1.#IND00
0.500000	5.000000	80000.000000	10.000000	0.080000	5.000000	20.000000	1	2.446168	0.124784
0.200000	1.200000	50000.000000	4.000000	0.000000	5.000000	20.000000	1	-1.#IND00	-1.#IND00
1.300000	2.100000	80000.000000	4.000000	0.000000	8.000000	28.000000	25	-1.#IND00	-1.#IND00
0.000000	2.000000	100000.000000	4.000000	0.080000	5.000000	20.000000	1	1.414070	0.061676
0.800000	5.000000	140000.000000	9.000000	0.060000	3.000000	17.000000	0	1.877149	0.071755
1.800000	7.000000	70000.000000	3.000000	0.030000	6.000000	12.000000	9	0.568753	0.033936
1.100000	2.500000	100000.000000	7.000000	0.020000	4.400000	22.000000	14	1.532572	0.050591
0.000000	9.000000	90000.000000	6.000000	0.140000	5.000000	13.000000	1	5.546270	0.135873
0.700000	3.000000	130000.000000	3.000000	0.070000	4.000000	22.000000	28	0.671675	0.065324
0.100000	9.600000	80000.000000	4.000000	0.200000	9.000000	23.000000	0	2.505739	0.138690
0.700000	7.000000	120000.000000	10.000000	0.000000	6.000000	21.000000	1	-1.#IND00	-1.#IND00
0.500000	2.200000	50000.000000	9.000000	0.080000	7.000000	11.000000	1	4.301270	0.139272
0.200000	4.000000	100000.000000	2.000000	0.250000	9.000000	19.000000	1	1.391679	0.094039
0.300000	8.000000	60000.000000	7.000000	0.100000	4.000000	15.000000	25	1.968237	0.097716
0.200000	2.000000	100000.000000	4.000000	0.080000	5.000000	20.000000	25	7.312469	0.083211
1.400000	1.000000	80000.000000	3.300000	0.000000	3.000000	11.000000	16	-1.#IND00	-1.#IND00
0.800000	3.000000	80000.000000	7.000000	0.120000	9.000000	13.000000	3	2.845113	0.101585
0.500000	8.000000	50000.000000	10.000000	0.100000	10.000000	25.000000	1	2.930941	0.112791
0.100000	1.100000	100000.000000	2.000000	0.130000	8.800000	22.000000	21	1.578309	0.115540
0.000000	0.400000	100000.000000	10.000000	0.120000	2.700000	15.000000	7	0.852642	0.139969
0.200000	6.400000	134000.000000	1.900000	0.000000	5.300000	20.000000	3	-1.#IND00	-1.#IND00
0.200000	2.000000	100000.000000	4.000000	0.080000	5.000000	27.000000	0	3.589413	0.086028
0.100000	2.000000	100000.000000	4.000000	0.180000	2.000000	20.000000	8	1.878922	0.133151
0.200000	2.000000	100000.000000	5.000000	0.160000	2.800000	21.000000	2	1.287365	0.095209
0.100000	2.000000	100000.000000	4.000000	0.080000	5.000000	20.000000	1	0.960637	0.060639
1.600000	3.500000	100000.000000	10.000000	0.050000	7.000000	29.000000	9	2.155115	0.149596
0.200000	3.000000	128000.000000	10.000000	0.040000	1.000000	19.000000	0	1.065976	0.111690
0.000000	4.000000	60000.000000	3.400000	0.330000	2.000000	14.000000	23	2.710179	0.144027
0.200000	2.000000	110000.000000	5.000000	0.210000	8.000000	10.000000	5	4.840254	0.148856
0.300000	5.000000	110000.000000	10.000000	0.060000	2.000000	14.000000	9	2.010402	0.066276
1.000000	1.000000	110000.000000	7.000000	0.040000	9.000000	17.000000	8	1.397092	0.062155
0.200000	7.000000	80000.000000	7.000000	0.030000	10.000000	28.000000	26	1.005350	0.040835
0.200000	2.000000	100000.000000	10.000000	0.000000	10.600000	16.000000	15	-1.#IND00	-1.#IND00
1.100000	1.000000	120000.000000	10.000000	0.090000	10.000000	27.000000	16	2.623884	0.104204
0.000000	1.000000	139000.000000	4.000000	0.080000	5.000000	20.000000	1	2.835011	0.072323
0.200000	5.000000	70000.000000	5.000000	0.180000	4.000000	22.000000	26	2.280563	0.117181
0.100000	6.000000	130000.000000	8.000000	0.070000	6.000000	26.000000	15	2.488568	0.086590
1.300000	2.900000	60000.000000	10.000000	0.000000	8.400000	17.000000	25	-1.#IND00	-1.#IND00
0.400000	7.000000	140000.000000	8.000000	0.080000	2.000000	14.000000	13	1.670643	0.115802
0.200000	3.100000	56000.000000	10.700000	0.000000	10.600000	22.000000	28	-1.#IND00	-1.#IND00
0.200000	5.000000	100000.000000	8.000000	0.040000	9.000000	28.000000	24	0.761365	0.054854
0.300000	9.000000	121000.000000	10.000000	0.020000	1.000000	29.000000	0	0.990186	0.064671
0.200000	2.000000	90000.000000	6.000000	0.120000	9.000000	24.000000	11	2.453647	0.094322
0.100000	6.600000	80000.000000	2.000000	0.000000	3.000000	18.000000	18	-1.#IND00	-1.#IND00
0.700000	7.000000	140000.000000	8.500000	0.130000	5.000000	28.000000	22	3.692525	0.139192
0.200000	3.000000	120000.000000	5.000000	0.090000	5.000000	20.000000	13	1.069483	0.136063
0.000000	3.000000	68000.000000	9.000000	0.100000	5.000000	24.000000	5	2.602871	0.149438
0.200000	9.000000	100000.000000	3.000000	0.090000	4.000000	11.000000	12	0.924568	0.114987
0.200000	2.000000	100000.000000	4.000000	0.000000	5.000000	19.000000	12	-1.#IND00	-1.#IND00
0.200000	2.000000	117000.000000	6.000000	0.180000	2.000000	21.000000	16	2.591309	0.131458
0.000000	7.000000	60000.000000	2.000000	0.060000	2.000000	27.000000	26	0.618535	0.068274
0.300000	8.000000	100000.000000	10.900000	0.070000	4.000000	14.000000	0	3.279308	0.129928
1.700000	7.000000	140000.000000	10.000000	0.020000	8.000000	19.000000	1	1.314039	0.056197
0.200000	2.000000	100000.000000	4.000000	0.030000	8.200000	27.000000	9	0.476749	0.105851
0.000000	4.800000	90000.000000	8.000000	0.030000	1.400000	17.000000	2	0.726445	0.105441
0.200000	1.000000	140000.000000	7.000000	0.120000	6.000000	22.000000	8	2.430343	0.120723
0.200000	2.000000	50000.000000	2.000000	0.120000	4.000000	18.000000	1	0.702396	0.031392
0.800000	5.000000	130000.000000	7.000000	0.000000	7.000000	18.000000	25	-1.#IND00	-1.#IND00
0.200000	2.000000	100000.000000	4.000000	0.080000	10.900000	20.000000	4	1.901489	0.098710
1.400000	2.000000	110000.000000	10.000000	0.080000	4.100000	25.000000	5	2.914222	0.120350
0.200000	5.000000	70000.000000	9.700000	0.090000	4.700000	15.000000	20	1.755585	0.147684
0.000000	5.000000	100000.000000	9.000000	0.130000	8.000000	16.000000	26	2.255863	0.144943
0.000000	7.600000	125000.000000	4.400000	0.000000	7.700000	20.000000	29	-1.#IND00	-1.#IND00
0.200000	6.800000	100000.000000	7.300000	0.080000	5.000000	20.000000	27	5.032803	0.126296
0.300000	9.000000	130000.000000	4.000000	0.080000	5.000000	20.000000	1	0.875834	0.096803
0.200000	9.500000	100000.000000	10.900000	0.000000	1.800000	20.000000	29	-1.#IND00	-1.#IND00
1.800000	0.800000	50000.000000	9.000000	0.000000	8.000000	12.000000	7	-1.#IND00	-1.#IND00
0.000000	8.200000	86000.000000	7.000000	0.000000	10.000000	22.000000	7	-1.#IND00	-1.#IND00
0.200000	0.300000	100000.000000	4.000000	0.070000	9.000000	17.000000	22	1.042295	0.129914
1.200000	1.000000	140000.000000	8.000000	0.040000	2.000000	17.000000	24	1.483728	0.109380
0.200000	5.000000	90000.000000	4.000000	0.130000	5.500000	14.000000	15	0.740554	0.110349
0.000000	8.000000	147000.000000	4.000000	0.000000	2.500000	13.000000	19	-1.#IND00	-1.#IND00
0.100000	1.900000	75000.000000	5.500000	0.000000	9.000000	18.000000	27	-1.#IND00	-1.#IND00
1.800000	5.000000	60000.000000	2.000000	0.000000	3.000000	27.000000	20	-1.#IND00	-1.#IND00
1.900000	4.000000	130000.000000	8.100000	0.090000	7.000000	22.000000	10	2.281679	0.082949
0.300000	3.100000	130000.000000	5.100000	0.090000	9.000000	10.000000	24	2.207288	0.119446
0.200000	2.000000	110000.000000	1.900000	0.420000	5.300000	16.000000	4	1.710890	0.130427
1.300000	1.000000	120000.000000	10.000000	0.030000	5.000000	10.000000	25	2.101395	0.070537
0.800000	7.000000	80000.000000	10.000000	0.030000	8.000000	11.000000	6	1.405923	0.053752
0.100000	7.600000	87000.000000	4.000000	0.130000	8.000000	21.000000	16	2.863005	0.136922
1.100000	6.000000	104000.000000	9.700000	0.090000	10.000000	28.000000	14	1.703639	0.052498
0.200000	0.800000	121000.000000	9.000000	0.180000	3.100000	18.000000	22	1.485578	0.145077
0.200000	2.000000	100000.000000	4.000000	0.080000	5.000000	20.000000	25	1.412194	0.096575
0.200000	2.000000	100000.000000	6.000000	0.000000	9.000000	26.000000	18	-1.#IND00	-1.#IND00
1.200000	8.000000	120000.000000	9.000000	0.010000	10.000000	17.000000	13	6.176415	0.056881
0.500000	3.000000	70000.000000	9.000000	0.010000	5.000000	24.000000	14	0.995732	0.081072
1.200000	7.000000	110000.000000	8.000000	0.070000	7.000000	19.000000	22	2.490529	0.088197
0.000000	0.000000	130000.000000	1.000000	0.000000	8.000000	27.000000	1	-1.#IND00	-1.#IND00
0.200000	2.000000	100000.000000	4.000000	0.090000	5.000000	18.000000	5	1.017865	0.128068
0.800000	9.600000	60000.000000	10.000000	0.080000	5.000000	29.000000	20	1.550184	0.071062
0.200000	7.000000	132000.000000	7.100000	0.210000	10.800000	10.000000	2	3.282411	0.140455
0.000000	7.700000	50000.000000	5.300000	0.110000	7.000000	24.000000	11	2.109985	0.141450
0.200000	2.000000	100000.000000	3.100000	0.130000	8.000000	29.000000	9	1.398110	0.096886
1.400000	2.000000	60000.000000	9.200000	0.010000	9.000000	12.000000	2	1.400289	0.041387
0.900000	0.000000	82000.000000	10.000000	0.000000	10.000000	25.000000	1	-1.#IND00	-1.#IND00
0.500000	9.000000	80000.000000	8.000000	0.110000	10.000000	23.000000	29	4.565318	0.132391
0.200000	7.900000	60000.000000	7.000000	0.140000	7.000000	26.000000	16	2.928517	0.144547
0.000000	2.000000	100000.000000	4.000000	0.080000	5.000000	20.000000	1	1.370337	0.067192
1.600000	9.000000	90000.000000	7.000000	0.000000	2.000000	27.000000	25	-1.#IND00	-1.#IND00
0.600000	1.300000	90000.000000	8.200000	0.000000	9.000000	13.000000	2	-1.#IND00	-1.#IND00
0.300000	3.100000	132000.000000	2.000000	0.080000	10.900000	21.000000	5	0.709984	0.080740
0.200000	7.500000	80000.000000	2.000000	0.000000	4.200000	17.000000	25	-1.#IND00	-1.#IND00
0.700000	6.000000	90000.000000	6.000000	0.020000	9.000000	10.000000	19	0.795427	0.065268
0.000000	7.000000	70000.000000	3.000000	0.050000	10.700000	29.000000	15	0.658642	0.064856
0.000000	2.000000	100000.000000	4.000000	0.080000	5.000000	20.000000	1	1.144283	0.061274
0.200000	2.000000	93000.000000	4.000000	0.000000	2.000000	22.000000	10	-1.#IND00	-1.#IND00
1.700000	8.000000	90000.000000	1.000000	0.000000	5.000000	28.000000	21	-1.#IND00	-1.#IND00
1.400000	9.000000	113000.000000	2.000000	0.000000	6.000000	19.000000	15	-1.#IND00	-1.#IND00
0.200000	2.000000	100000.000000	4.000000	0.110000	10.000000	29.000000	19	1.759833	0.142342
0.200000	2.000000	100000.000000	4.000000	0.080000	8.000000	15.000000	14	1.280870	0.092070
0.300000	6.000000	140000.000000	4.000000	0.190000	1.000000	12.000000	15	2.233250	0.105361
0.400000	5.000000	70000.000000	6.100000	0.250000	4.000000	22.000000	4	2.842912	0.135756
0.200000	2.000000	100000.000000	3.000000	0.000000	10.000000	12.000000	20	-1.#IND00	-1.#IND00
0.100000	5.000000	80000.000000	9.000000	0.080000	2.000000	20.000000	3	2.082725	0.085359
0.300000	9.000000	80000.000000	10.300000	0.000000	8.900000	24.000000	24	-1.#IND00	-1.#IND00
0.200000	2.000000	100000.000000	5.100000	0.080000	5.000000	20.000000	9	3.020418	0.097906
0.100000	4.000000	70000.000000	3.000000	0.390000	2.000000	20.000000	1	3.003838	0.144460
0.100000	4.000000	100000.000000	5.500000	0.000000	7.000000	24.000000	7	-1.#IND00	-1.#IND00
0.100000	3.700000	90000.000000	7.000000	0.000000	7.000000	26.000000	17	-1.#IND00	-1.#IND00
0.000000	6.000000	130000.000000	3.000000	0.060000	3.000000	16.000000	9	0.674524	0.041752
1.000000	5.000000	60000.000000	2.000000	0.000000	1.900000	13.000000	1	-1.#IND00	-1.#IND00
0.100000	7.000000	73000.000000	4.000000	0.000000	4.000000	17.000000	1	-1.#IND00	-1.#IND00
0.000000	9.000000	50000.000000	1.100000	0.150000	7.000000	11.000000	19	-1.#IND00	-1.#IND00
0.000000	8.300000	67000.000000	1.700000	0.000000	5.700000	20.000000	22	-1.#IND00	-1.#IND00
0.400000	2.000000	100000.000000	9.700000	0.080000	5.000000	20.000000	1	1.856000	0.100545
0.100000	6.000000	110000.000000	10.000000	0.040000	9.000000	16.000000	25	1.846211	0.081754
0.000000	5.800000	86000.000000	3.000000	0.170000	9.000000	12.000000	3	2.559010	0.118553
1.800000	0.100000	105000.000000	10.000000	0.000000	1.300000	17.000000	14	-1.#IND00	-1.#IND00
0.000000	4.000000	70000.000000	5.000000	0.210000	2.000000	16.000000	27	1.845305	0.143264
0.900000	2.000000	70000.000000	8.000000	0.000000	9.000000	29.000000	5	-1.#IND00	-1.#IND00
0.400000	8.000000	50000.000000	8.000000	0.040000	5.000000	23.000000	4	1.469566	0.055323
0.200000	2.000000	100000.000000	4.000000	0.080000	7.000000	12.000000	10	1.185916	0.056773
0.100000	5.000000	120000.000000	7.200000	0.070000	3.500000	25.000000	0	2.235317	0.095501
0.200000	3.000000	80000.000000	2.300000	0.000000	7.800000	23.000000	24	-1.#IND00	-1.#IND00
0.000000	1.000000	50000.000000	2.000000	0.390000	10.000000	13.000000	8	1.915452	0.132657
0.000000	9.300000	141000.000000	4.000000	0.130000	10.500000	24.000000	19	0.216069	0.144931
0.800000	2.000000	130000.000000	8.000000	0.110000	7.000000	13.000000	11	3.438138	0.121642
0.800000	7.000000	80000.000000	2.000000	0.000000	10.900000	28.000000	1	-1.#IND00	-1.#IND00
1.400000	4.000000	100000.000000	4.000000	0.080000	5.000000	12.000000	1	7.896738	0.092529
0.800000	2.200000	120000.000000	6.000000	0.000000	5.900000	16.000000	15	-1.#IND00	-1.#IND00
1.200000	4.000000	140000.000000	9.900000	0.000000	4.000000	13.000000	8	-1.#IND00	-1.#IND00
1.100000	3.000000	130000.000000	10.000000	0.050000	8.000000	26.000000	5	2.071158	0.104376
0.200000	2.000000	100000.000000	4.000000	0.080000	5.000000	18.000000	26	0.981593	0.088992
0.100000	6.200000	80000.000000	1.700000	0.430000	4.000000	28.000000	8	1.985787	0.138895
0.000000	6.000000	140000.000000	2.300000	0.170000	5.000000	28.000000	1	0.817503	0.054392
0.200000	1.000000	100000.000000	4.800000	0.050000	5.000000	16.000000	20	0.671882	0.053790
0.200000	4.000000	140000.000000	7.000000	0.020000	3.000000	19.000000	10	0.678913	0.128089
0.200000	2.000000	100000.000000	3.000000	0.000000	4.000000	23.000000	26	-1.#IND00	-1.#IND00
1.800000	9.000000	110000.000000	4.000000	0.000000	8.000000	20.000000	22	-1.#IND00	-1.#IND00
0.200000	2.000000	97000.000000	9.900000	0.080000	1.000000	12.000000	13	3.790143	0.125333
0.200000	8.000000	110000.000000	9.000000	0.190000	10.000000	18.000000	10	3.380120	0.145292
0.100000	4.100000	112000.000000	4.800000	0.150000	5.000000	15.000000	3	3.896811	0.136830
0.200000	2.000000	100000.000000	4.000000	0.080000	5.000000	23.000000	22	3.034375	0.107069
0.000000	9.000000	70000.000000	8.000000	0.100000	5.000000	13.000000	4	1.630711	0.047617
0.200000	2.000000	90000.000000	4.000000	0.000000	1.000000	29.000000	25	-1.#IND00	-1.#IND00
1.000000	5.000000	130000.000000	9.000000	0.070000	8.000000	28.000000	14	1.706907	0.064894
0.200000	3.000000	90000.000000	6.000000	0.230000	9.200000	24.000000	0	3.957057	0.138055
0.200000	2.000000	100000.000000	4.000000	0.080000	2.000000	23.000000	20	1.042458	0.106004
0.600000	8.000000	140000.000000	5.000000	0.000000	5.000000	20.000000	1	-1.#IND00	-1.#IND00
1.000000	1.000000	130000.000000	1.000000	0.000000	10.000000	26.000000	23	-1.#IND00	-1.#IND00
1.500000	7.900000	50000.000000	7.000000	0.070000	10.100000	19.000000	24	2.014788	0.118807
0.400000	8.000000	100000.000000	9.700000	0.080000	9.500000	28.000000	5	2.010667	0.145758
1.800000	8.000000	82000.000000	8.000000	0.080000	5.000000	20.000000	1	1.807456	0.060072
0.200000	2.000000	130000.000000	1.000000	0.000000	1.000000	17.000000	5	-1.#IND00	-1.#IND00
1.600000	6.200000	127000.000000	10.000000	0.000000	3.800000	28.000000	3	-1.#IND00	-1.#IND00
0.000000	0.000000	70000.000000	10.000000	0.000000	5.000000	20.000000	17	-1.#IND00	-1.#IND00
0.200000	2.000000	100000.000000	6.000000	0.160000	8.000000	25.000000	13	3.033346	0.147534
0.200000	0.000000	80000.000000	4.000000	0.000000	7.000000	17.000000	21	-1.#IND00	-1.#IND00
0.000000	4.000000	140000.000000	10.000000	0.000000	10.000000	14.000000	29	-1.#IND00	-1.#IND00
0.200000	8.200000	113000.000000	2.700000	0.210000	2.400000	22.000000	4	2.615380	0.124873
0.200000	2.000000	100000.000000	4.000000	0.080000	8.000000	23.000000	10	2.003082	0.076654
0.700000	9.000000	130000.000000	8.500000	0.090000	1.600000	23.000000	1	5.175037	0.124853
0.300000	9.000000	140000.000000	8.000000	0.130000	9.000000	20.000000	14	2.323032	0.113543
1.000000	1.000000	118000.000000	6.000000	0.030000	6.900000	20.000000	6	1.463309	0.070482
0.200000	8.000000	100000.000000	8.000000	0.030000	4.000000	13.000000	20	2.299969	0.066210
0.400000	2.000000	50000.000000	9.500000	0.080000	5.000000	20.000000	1	0.288377	0.124358
0.800000	9.500000	70000.000000	6.300000	0.000000	7.000000	20.000000	9	-1.#IND00	-1.#IND00
0.200000	5.800000	100000.000000	5.000000	0.080000	1.000000	12.000000	1	0.522859	0.113139
0.000000	6.000000	108000.000000	2.000000	0.000000	10.000000	26.000000	6	-1.#IND00	-1.#IND00
0.100000	5.000000	50000.000000	8.000000	0.120000	5.000000	12.000000	1	2.142775	0.119544
0.200000	2.000000	125000.000000	10.000000	0.000000	1.000000	16.000000	8	-1.#IND00	-1.#IND00
0.400000	7.000000	60000.000000	4.000000	0.080000	5.000000	20.000000	1	2.277968	0.070262
0.000000	3.900000	82000.000000	7.000000	0.220000	1.000000	18.000000	12	3.275661	0.133401
0.200000	2.000000	100000.000000	1.000000	0.000000	2.000000	20.000000	12	-1.#IND00	-1.#IND00
0.000000	6.500000	83000.000000	3.400000	0.420000	5.800000	22.000000	5	2.866314	0.136538
0.300000	5.700000	70000.000000	1.100000	0.000000	8.100000	13.000000	21	-1.#IND00	-1.#IND00
0.600000	2.000000	100000.000000	4.000000	0.080000	5.000000	20.000000	1	1.443319	0.096919
0.900000	0.000000	130000.000000	7.000000	0.010000	10.000000	29.000000	6	2.128901	0.140844
0.000000	5.000000	120000.000000	4.000000	0.000000	1.000000	26.000000	1	-1.#IND00	-1.#IND00
0.200000	7.200000	110000.000000	3.000000	0.130000	8.000000	19.000000	4	1.103917	0.131240
0.100000	9.100000	120000.000000	2.600000	0.300000	6.800000	14.000000	4	1.658119	0.143531
0.400000	6.200000	100000.000000	7.000000	0.000000	1.000000	18.000000	25	-1.#IND00	-1.#IND00
0.200000	2.000000	100000.000000	4.000000	0.080000	6.000000	21.000000	2	1.012419	0.043682
0.700000	9.000000	122000.000000	8.000000	0.070000	7.000000	11.000000	0	2.690242	0.089247
0.400000	4.000000	70000.000000	4.800000	0.180000	9.000000	12.000000	17	2.588032	0.148308
0.000000	0.000000	110000.000000	8.000000	0.020000	8.000000	23.000000	19	0.899126	0.052545
0.200000	6.400000	68000.000000	1.100000	0.000000	6.900000	15.000000	4	-1.#IND00	-1.#IND00
0.700000	2.700000	140000.000000	5.000000	0.000000	4.400000	16.000000	12	-1.#IND00	-1.#IND00
0.100000	7.300000	120000.000000	7.000000	0.060000	1.000000	15.000000	17	2.207705	0.073675
1.900000	9.800000	117000.000000	10.000000	0.150000	5.800000	20.000000	18	2.463199	0.106160
0.200000	7.000000	130000.000000	5.000000	0.150000	1.000000	16.000000	27	3.697786	0.147330
0.200000	8.000000	110000.000000	6.000000	0.000000	8.000000	24.000000	21	-1.#IND00	-1.#IND00
1.200000	6.000000	130000.000000	3.000000	0.000000	7.400000	18.000000	3	-1.#IND00	-1.#IND00
0.900000	4.000000	85000.000000	6.000000	0.000000	10.200000	11.000000	6	-1.#IND00	-1.#IND00
1.600000	0.000000	69000.000000	1.300000	0.000000	2.000000	23.000000	2	-1.#IND00	-1.#IND00
0.100000	1.000000	120000.000000	2.000000	0.180000	10.000000	23.000000	7	1.540392	0.093615
1.400000	6.000000	80000.000000	10.000000	0.110000	7.000000	29.000000	25	3.971154	0.139890
1.600000	0.800000	90000.000000	10.000000	0.000000	5.000000	11.000000	9	-1.#IND00	-1.#IND00
0.000000	6.000000	100000.000000	9.000000	0.000000	4.000000	14.000000	11	-1.#IND00	-1.#IND00
0.200000	2.000000	100000.000000	4.000000	0.080000	3.000000	28.000000	4	1.058564	0.040998
1.600000	8.000000	60000.000000	7.000000	0.000000	5.000000	20.000000	1	-1.#IND00	-1.#IND00
0.100000	9.600000	148000.000000	6.500000	0.000000	6.800000	10.000000	13	-1.#IND00	-1.#IND00
0.600000	9.000000	92000.000000	5.000000	0.040000	1.000000	11.000000	3	0.810025	0.047700
0.900000	5.000000	120000.000000	5.000000	0.050000	3.000000	23.000000	4	1.294285	0.032469
1.700000	2.000000	80000.000000	8.000000	0.000000	8.000000	12.000000	17	-1.#IND00	-1.#IND00
0.200000	7.000000	110000.000000	9.000000	0.050000	6.000000	22.000000	10	1.789817	0.098692
0.300000	3.000000	70000.000000	5.400000	0.180000	10.500000	12.000000	17	3.446797	0.142184
0.300000	5.000000	70000.000000	4.000000	0.010000	5.800000	25.000000	1	0.701646	0.119212
1.000000	3.000000	110000.000000	5.000000	0.080000	5.000000	20.000000	1	1.470284	0.077033
1.600000	1.000000	130000.000000	7.000000	0.040000	5.000000	20.000000	1	2.716643	0.041026
0.500000	5.000000	120000.000000	7.000000	0.150000	10.700000	20.000000	20	3.825367	0.149988
0.500000	7.000000	90000.000000	5.400000	0.000000	9.000000	12.000000	4	-1.#IND00	-1.#IND00
0.300000	4.300000	110000.000000	7.000000	0.020000	6.000000	12.000000	7	2.509514	0.082445
1.500000	5.000000	80000.000000	7.000000	0.050000	8.000000	24.000000	27	3.525506	0.129586
0.100000	9.000000	50000.000000	4.500000	0.000000	8.000000	26.000000	19	-1.#IND00	-1.#IND00
0.100000	0.000000	125000.000000	5.000000	0.000000	6.000000	15.000000	27	-1.#IND00	-1.#IND00
0.200000	2.000000	100000.000000	4.000000	0.080000	5.000000	26.000000	8	1.025946	0.083104
0.400000	9.500000	121000.000000	7.000000	0.050000	10.000000	11.000000	7	1.754977	0.106143
0.100000	4.000000	64000.000000	1.700000	0.000000	1.800000	20.000000	2	-1.#IND00	-1.#IND00
1.500000	5.000000	64000.000000	9.400000	0.000000	5.000000	20.000000	28	-1.#IND00	-1.#IND00
0.200000	2.000000	100000.000000	1.400000	0.000000	10.000000	24.000000	28	-1.#IND00	-1.#IND00
0.200000	2.000000	100000.000000	3.000000	0.000000	6.000000	28.000000	29	-1.#IND00	-1.#IND00
0.100000	0.400000	130000.000000	5.000000	0.000000	10.000000	21.000000	1	-1.#IND00	-1.#IND00
0.100000	8.000000	50000.000000	1.900000	0.000000	1.300000	15.000000	2	-1.#IND00	-1.#IND00
0.200000	2.000000	100000.000000	6.700000	0.110000	1.000000	21.000000	29	3.994795	0.137778
0.300000	3.000000	50000.000000	1.000000	0.000000	5.000000	28.000000	7	-1.#IND00	-1.#IND00
0.200000	9.400000	146000.000000	5.800000	0.000000	6.200000	23.000000	23	-1.#IND00	-1.#IND00
1.700000	0.600000	104000.000000	9.000000	0.000000	10.900000	26.000000	28	-1.#IND00	-1.#IND00
0.400000	4.000000	50000.000000	9.000000	0.120000	4.000000	14.000000	20	2.096186	0.103662
1.200000	8.000000	120000.000000	5.000000	0.000000	6.000000	27.000000	9	-1.#IND00	-1.#IND00
0.200000	2.000000	100000.000000	4.000000	0.080000	5.000000	19.000000	11	1.136302	0.112234
0.300000	3.900000	87000.000000	6.300000	0.000000	6.500000	27.000000	27	-1.#IND00	-1.#IND00
1.300000	8.000000	107000.000000	8.500000	0.000000	4.700000	16.000000	1	-1.#IND00	-1.#IND00
0.200000	8.600000	100000.000000	6.100000	0.080000	7.000000	10.000000	29	1.999641	0.121460
0.200000	4.000000	70000.000000	6.000000	0.150000	2.000000	21.000000	13	2.136271	0.121071
0.200000	5.000000	70000.000000	9.000000	0.010000	1.000000	17.000000	11	3.414803	0.098712
0.100000	9.000000	140000.000000	3.000000	0.130000	1.000000	15.000000	5	1.090669	0.085767
0.500000	9.000000	90000.000000	5.000000	0.110000	3.000000	20.000000	7	1.111276	0.057598
0.000000	9.000000	110000.000000	5.000000	0.050000	1.000000	12.000000	4	1.665411	0.055441
0.000000	7.400000	80000.000000	9.900000	0.060000	9.800000	20.000000	2	3.438035	0.130751
0.000000	9.000000	90000.000000	3.000000	0.000000	2.000000	15.000000	1	-1.#IND00	-1.#IND00
0.600000	9.300000	120000.000000	9.000000	0.000000	6.000000	29.000000	28	-1.#IND00	-1.#IND00
0.200000	2.000000	149000.000000	8.700000	0.000000	6.000000	23.000000	24	-1.#IND00	-1.#IND00
0.200000	6.100000	100000.000000	4.000000	0.080000	8.300000	16.000000	23	1.287556	0.122865
1.900000	2.000000	80000.000000	9.200000	0.060000	7.000000	27.000000	7	3.654709	0.103143
1.000000	9.300000	106000.000000	8.000000	0.000000	5.400000	14.000000	25	-1.#IND00	-1.#IND00
0.300000	4.000000	100000.000000	6.000000	0.000000	6.500000	13.000000	22	-1.#IND00	-1.#IND00
1.900000	6.500000	66000.000000	10.000000	0.000000	10.300000	27.000000	15	-1.#IND00	-1.#IND00
1.200000	3.000000	80000.000000	3.600000	0.000000	3.000000	13.000000	3	-1.#IND00	-1.#IND00
0.200000	2.000000	100000.000000	4.000000	0.080000	5.000000	20.000000	1	0.908892	0.130145
0.200000	5.000000	90000.000000	3.000000	0.130000	5.100000	22.000000	11	0.962929	0.087317
0.200000	6.500000	123000.000000	4.000000	0.000000	2.000000	19.000000	0	-1.#IND00	-1.#IND00
0.200000	2.000000	100000.000000	4.000000	0.080000	5.000000	16.000000	6	0.764565	0.097459
1.000000	0.300000	90000.000000	10.000000	0.000000	10.000000	28.000000	20	-1.#IND00	-1.#IND00
0.300000	4.200000	140000.000000	7.000000	0.080000	5.000000	20.000000	1	1.598805	0.097072
0.200000	9.000000	130000.000000	3.400000	0.000000	7.900000	25.000000	24	-1.#IND00	-1.#IND00
1.700000	6.000000	90000.000000	9.000000	0.000000	6.000000	27.000000	1	-1.#IND00	-1.#IND00
0.600000	5.000000	77000.000000	2.000000	0.040000	5.000000	29.000000	1	0.628197	0.080075
1.600000	6.000000	119000.000000	8.000000	0.000000	3.500000	21.000000	9	-1.#IND00	-1.#IND00
0.200000	1.000000	139000.000000	6.000000	0.140000	5.000000	11.000000	20	1.922764	0.148652
0.300000	4.000000	60000.000000	2.000000	0.030000	8.000000	11.000000	0	0.645350	0.109882
0.200000	8.000000	140000.000000	7.000000	0.000000	10.500000	15.000000	1	-1.#IND00	-1.#IND00
0.200000	2.000000	80000.000000	8.000000	0.060000	9.400000	22.000000	28	1.851048	0.058766
0.200000	9.000000	130000.000000	3.000000	0.200000	7.000000	28.000000	7	1.035911	0.124816
1.700000	5.000000	70000.000000	3.000000	0.000000	4.000000	21.000000	23	-1.#IND00	-1.#IND00
0.500000	8.800000	128000.000000	5.000000	0.090000	8.900000	11.000000	25	0.971551	0.149615
0.800000	1.000000	50000.000000	4.000000	0.030000	9.000000	26.000000	12	0.606106	0.123075
1.800000	7.000000	90000.000000	10.000000	0.050000	8.000000	24.000000	19	2.104745	0.116462
0.900000	6.600000	70000.000000	6.000000	0.060000	3.000000	21.000000	5	0.930584	0.068156
0.700000	2.000000	90000.000000	4.000000	0.000000	6.000000	20.000000	5	-1.#IND00	-1.#IND00
0.000000	3.000000	79000.000000	7.000000	0.000000	10.000000	15.000000	0	-1.#IND00	-1.#IND00
0.100000	3.000000	140000.000000	5.000000	0.080000	1.000000	17.000000	19	6.975099	0.072322
0.200000	7.000000	97000.000000	3.300000	0.080000	2.600000	20.000000	1	0.728176	0.128952
1.700000	5.000000	100000.000000	9.000000	0.070000	2.000000	26.000000	22	1.508633	0.074990
0.000000	2.600000	90000.000000	1.900000	0.000000	5.000000	20.000000	1	-1.#IND00	-1.#IND00
1.600000	5.000000	100000.000000	6.700000	0.180000	2.900000	16.000000	5	1.323824	0.075072
0.000000	8.000000	70000.000000	4.000000	0.100000	7.000000	24.000000	17	1.177667	0.073108
1.000000	0.000000	80000.000000	8.900000	0.000000	3.000000	17.000000	1	-1.#IND00	-1.#IND00
0.000000	2.000000	80000.000000	9.000000	0.010000	8.000000	13.000000	4	0.564788	0.067045
0.200000	9.000000	140000.000000	4.000000	0.100000	4.400000	12.000000	24	1.350257	0.130870
0.400000	6.700000	100000.000000	4.000000	0.080000	5.000000	20.000000	1	1.247832	0.028637
0.000000	7.000000	110000.000000	9.000000	0.200000	10.000000	17.000000	2	2.180532	0.129912
1.500000	1.000000	60000.000000	3.000000	0.000000	10.000000	12.000000	4	-1.#IND00	-1.#IND00
0.000000	1.600000	130000.000000	7.000000	0.100000	1.000000	19.000000	5	1.068429	0.087984
0.400000	8.000000	90000.000000	5.400000	0.000000	9.000000	22.000000	24	-1.#IND00	-1.#IND00
0.200000	2.000000	100000.000000	4.000000	0.080000	5.000000	18.000000	7	0.810258	0.104841
1.300000	0.000000	90000.000000	10.000000	0.000000	8.000000	24.000000	5	-1.#IND00	-1.#IND00
1.900000	7.000000	121000.000000	7.000000	0.000000	4.000000	24.000000	29	-1.#IND00	-1.#IND00
0.100000	5.000000	120000.000000	10.000000	0.080000	9.000000	29.000000	8	2.910547	0.092319
0.200000	2.000000	100000.000000	4.000000	0.080000	5.000000	11.000000	10	3.948230	0.133629
0.900000	1.000000	90000.000000	4.900000	0.000000	5.000000	20.000000	1	-1.#IND00	-1.#IND00
0.200000	2.000000	110000.000000	3.300000	0.000000	9.000000	17.000000	1	-1.#IND00	-1.#IND00
1.900000	9.400000	61000.000000	5.500000	0.000000	7.000000	11.000000	1	-1.#IND00	-1.#IND00
0.300000	9.700000	140000.000000	6.000000	0.070000	6.500000	11.000000	6	1.029979	0.147776
0.200000	2.000000	100000.000000	4.000000	0.000000	6.000000	19.000000	19	-1.#IND00	-1.#IND00
0.700000	6.000000	82000.000000	2.000000	0.000000	10.000000	15.000000	26	-1.#IND00	-1.#IND00
1.900000	6.000000	60000.000000	9.000000	0.110000	3.000000	27.000000	13	4.508214	0.118555
0.200000	2.000000	124000.000000	5.000000	0.000000	10.000000	16.000000	5	-1.#IND00	-1.#IND00
1.300000	2.000000	130000.000000	2.000000	0.000000	2.000000	22.000000	0	-1.#IND00	-1.#IND00
0.200000	2.000000	100000.000000	4.000000	0.000000	2.000000	15.000000	14	-1.#IND00	-1.#IND00
0.300000	6.000000	80000.000000	6.000000	0.110000	10.000000	14.000000	8	1.869152	0.138622
0.400000	4.000000	71000.000000	8.000000	0.230000	7.000000	20.000000	10	2.960095	0.138220
0.200000	6.000000	120000.000000	6.000000	0.170000	8.000000	12.000000	1	4.364172	0.133539
0.200000	6.000000	56000.000000	6.000000	0.000000	5.000000	20.000000	9	-1.#IND00	-1.#IND00
0.200000	8.100000	70000.000000	5.000000	0.000000	8.100000	27.000000	2	-1.#IND00	-1.#IND00
0.200000	3.000000	90000.000000	1.000000	0.000000	8.000000	10.000000	17	-1.#IND00	-1.#IND00
0.100000	5.000000	100000.000000	1.000000	0.400000	7.000000	28.000000	6	1.110367	0.091417
0.200000	2.000000	100000.000000	4.000000	0.080000	5.000000	20.000000	11	1.585192	0.103771
1.400000	8.000000	60000.000000	7.000000	0.010000	5.000000	20.000000	26	1.709014	0.071991
0.200000	2.000000	80000.000000	2.000000	0.000000	8.000000	26.000000	27	-1.#IND00	-1.#IND00
0.400000	7.000000	130000.000000	5.000000	0.080000	5.000000	20.000000	5	1.161004	0.073911
0.000000	9.000000	77000.000000	1.700000	0.490000	8.000000	15.000000	22	-1.#IND00	-1.#IND00
0.000000	7.400000	130000.000000	7.400000	0.110000	2.000000	11.000000	6	1.614253	0.108114
0.100000	2.000000	133000.000000	5.000000	0.000000	1.000000	20.000000	24	-1.#IND00	-1.#IND00
0.800000	8.000000	143000.000000	9.600000	0.000000	9.800000	21.000000	5	-1.#IND00	-1.#IND00
0.500000	3.100000	90000.000000	4.000000	0.000000	7.000000	24.000000	1	-1.#IND00	-1.#IND00
0.200000	2.000000	100000.000000	4.000000	0.080000	5.000000	20.000000	1	0.896883	0.144469
0.800000	6.000000	50000.000000	5.000000	0.000000	5.000000	16.000000	23	-1.#IND00	-1.#IND00
0.200000	3.000000	91000.000000	9.400000	0.000000	10.000000	12.000000	8	-1.#IND00	-1.#IND00
1.700000	3.000000	80000.000000	8.000000	0.000000	2.000000	21.000000	11	-1.#IND00	-1.#IND00
0.600000	8.000000	120000.000000	4.000000	0.000000	5.000000	20.000000	1	-1.#IND00	-1.#IND00
1.800000	7.000000	70000.000000	10.000000	0.000000	9.000000	17.000000	7	-1.#IND00	-1.#IND00
1.700000	2.900000	90000.000000	10.000000	0.000000	7.600000	24.000000	1	-1.#IND00	-1.#IND00
1.000000	8.000000	140000.000000	7.000000	0.080000	5.000000	20.000000	1	1.046356	0.061519
1.200000	5.000000	50000.000000	5.600000	0.000000	2.000000	25.000000	1	-1.#IND00	-1.#IND00
0.100000	7.000000	51000.000000	10.000000	0.000000	5.100000	11.000000	16	-1.#IND00	-1.#IND00
0.200000	2.000000	100000.000000	4.000000	0.080000	5.000000	15.000000	7	1.028018	0.101434
0.100000	2.000000	51000.000000	10.600000	0.000000	10.100000	11.000000	20	-1.#IND00	-1.#IND00
0.200000	2.000000	61000.000000	6.000000	0.000000	6.000000	17.000000	15	-1.#IND00	-1.#IND00
1.500000	4.000000	54000.000000	6.000000	0.000000	5.900000	15.000000	2	-1.#IND00	-1.#IND00
1.200000	4.000000	100000.000000	5.000000	0.000000	10.000000	14.000000	8	-1.#IND00	-1.#IND00
0.000000	1.000000	70000.000000	6.000000	0.000000	1.500000	20.000000	1	-1.#IND00	-1.#IND00
1.200000	2.000000	100000.000000	8.200000	0.080000	5.000000	20.000000	14	1.587201	0.074024
0.200000	2.000000	149000.000000	6.000000	0.000000	10.000000	21.000000	22	-1.#IND00	-1.#IND00
0.100000	4.900000	72000.000000	1.700000	0.150000	3.000000	25.000000	1	0.757119	0.117771
0.000000	7.000000	60000.000000	6.000000	0.180000	2.000000	21.000000	4	-1.#IND00	-1.#IND00
0.200000	1.000000	69000.000000	4.000000	0.310000	4.700000	12.000000	19	3.061787	0.182193
1.800000	7.000000	110000.000000	3.000000	0.000000	2.000000	10.000000	16	-1.#IND00	-1.#IND00
0.500000	8.000000	100000.000000	4.000000	0.000000	9.000000	11.000000	2	-1.#IND00	-1.#IND00
0.000000	7.100000	90000.000000	7.000000	0.060000	5.900000	20.000000	4	1.172416	0.084665
0.200000	4.000000	78000.000000	4.000000	0.000000	1.400000	20.000000	9	-1.#IND00	-1.#IND00
0.300000	4.200000	120000.000000	6.100000	0.000000	9.600000	17.000000	20	-1.#IND00	-1.#IND00
1.400000	9.600000	90000.000000	9.000000	0.080000	3.000000	16.000000	29	1.810138	0.065557
0.100000	1.000000	70000.000000	8.000000	0.090000	9.000000	20.000000	1	3.051433	0.146235
0.400000	7.500000	50000.000000	4.000000	0.000000	6.000000	15.000000	26	-1.#IND00	-1.#IND00
0.200000	5.700000	100000.000000	1.000000	0.000000	3.000000	14.000000	8	-1.#IND00	-1.#IND00
1.900000	5.100000	130000.000000	8.000000	0.070000	6.000000	24.000000	11	2.895113	0.125165
0.300000	8.000000	60000.000000	4.300000	0.100000	2.000000	18.000000	2	0.961274	0.101800
0.300000	2.000000	60000.000000	2.000000	0.320000	7.000000	22.000000	4	0.920086	0.116015
0.100000	5.000000	100000.000000	4.000000	0.080000	5.000000	20.000000	1	0.861032	0.067660
0.500000	0.000000	120000.000000	8.000000	0.000000	2.000000	14.000000	25	-1.#IND00	-1.#IND00
0.200000	1.000000	130000.000000	3.000000	0.200000	10.000000	27.000000	25	2.169524	0.124178
1.900000	6.000000	110000.000000	6.000000	0.070000	8.000000	29.000000	6	1.365996	0.074508
0.200000	2.000000	100000.000000	4.000000	0.080000	5.000000	25.000000	20	0.919274	0.119690
1.400000	7.000000	60000.000000	8.000000	0.140000	10.000000	20.000000	7	1.776611	0.137284
0.000000	9.000000	110000.000000	8.000000	0.030000	5.000000	19.000000	4	1.326123	0.116647
0.500000	2.000000	100000.000000	5.700000	0.080000	3.200000	10.000000	6	1.019800	0.073991
0.700000	7.000000	50000.000000	7.000000	0.050000	4.000000	19.000000	9	1.079099	0.109417
0.100000	7.300000	119000.000000	9.800000	0.000000	2.500000	22.000000	19	-1.#IND00	-1.#IND00
0.100000	2.000000	80000.000000	4.000000	0.080000	5.000000	20.000000	1	0.920732	0.036052
0.200000	1.900000	140000.000000	6.000000	0.080000	5.000000	20.000000	1	1.066457	0.087745
0.000000	9.200000	147000.000000	4.000000	0.210000	1.500000	19.000000	0	2.417415	0.141062
1.600000	4.000000	100000.000000	4.000000	0.000000	5.000000	20.000000	6	-1.#IND00	-1.#IND00
0.200000	6.100000	58000.000000	6.000000	0.000000	8.000000	20.000000	1	-1.#IND00	-1.#IND00
0.300000	9.000000	113000.000000	10.700000	0.000000	10.600000	25.000000	8	-1.#IND00	-1.#IND00
1.900000	4.000000	140000.000000	1.000000	0.000000	5.000000	13.000000	1	-1.#IND00	-1.#IND00
1.600000	3.000000	61000.000000	9.000000	0.030000	8.300000	28.000000	19	0.953127	0.050864
1.200000	5.000000	56000.000000	6.000000	0.000000	2.000000	20.000000	1	-1.#IND00	-1.#IND00
0.200000	2.000000	100000.000000	4.000000	0.000000	5.000000	22.000000	27	-1.#IND00	-1.#IND00
0.300000	8.800000	100000.000000	4.000000	0.140000	5.000000	25.000000	4	1.617406	0.086784
0.300000	2.300000	130000.000000	4.900000	0.230000	6.000000	17.000000	28	2.401875	0.121003
1.600000	4.000000	50000.000000	9.000000	0.070000	7.000000	16.000000	13	1.704748	0.092153
1.700000	3.000000	50000.000000	5.000000	0.030000	5.000000	29.000000	20	0.663921	0.041577
0.000000	4.300000	80000.000000	4.000000	0.000000	7.800000	24.000000	28	-1.#IND00	-1.#IND00
0.200000	2.000000	100000.000000	4.000000	0.080000	6.000000	28.000000	8	3.121431	0.148076
0.200000	2.000000	100000.000000	4.000000	0.000000	7.000000	14.000000	11	-1.#IND00	-1.#IND00
0.200000	2.000000	100000.000000	4.000000	0.080000	5.000000	22.000000	10	1.246085	0.127889
0.200000	2.000000	110000.000000	2.000000	0.210000	9.000000	17.000000	5	0.854786	0.078528
1.600000	4.000000	70000.000000	7.000000	0.080000	5.000000	20.000000	1	1.076596	0.048440
1.100000	7.000000	100000.000000	6.000000	0.120000	5.000000	16.000000	11	2.981137	0.128954
0.000000	9.000000	70000.000000	6.000000	0.090000	9.000000	22.000000	10	1.406456	0.092190
1.100000	3.000000	96000.000000	8.200000	0.000000	9.000000	27.000000	25	-1.#IND00	-1.#IND00
0.200000	5.000000	80000.000000	4.000000	0.070000	9.000000	22.000000	4	0.799562	0.048844
0.100000	5.900000	89000.000000	2.000000	0.000000	1.200000	29.000000	16	-1.#IND00	-1.#IND00
0.200000	2.000000	72000.000000	9.000000	0.090000	1.000000	19.000000	26	1.645696	0.118940
0.100000	2.000000	80000.000000	2.000000	0.160000	8.000000	16.000000	6	0.789288	0.122568
0.000000	7.000000	100000.000000	4.000000	0.080000	5.000000	26.000000	1	1.126133	0.043866
0.200000	2.000000	100000.000000	4.000000	0.080000	1.000000	13.000000	18	5.361468	0.087555
0.200000	3.000000	120000.000000	7.200000	0.000000	2.000000	17.000000	18	-1.#IND00	-1.#IND00
0.000000	4.000000	90000.000000	4.100000	0.060000	7.000000	19.000000	21	1.468731	0.123097
0.200000	2.000000	79000.000000	4.000000	0.080000	5.000000	13.000000	14	1.682447	0.083355
0.900000	3.700000	100000.000000	2.900000	0.000000	9.000000	23.000000	23	-1.#IND00	-1.#IND00
0.800000	4.000000	70000.000000	10.500000	0.080000	5.000000	20.000000	1	2.704370	0.104743
0.200000	2.000000	93000.000000	7.000000	0.130000	3.000000	26.000000	26	2.201984	0.140655
0.200000	2.000000	100000.000000	6.100000	0.080000	5.000000	24.000000	0	1.532113	0.103286
1.400000	2.600000	80000.000000	5.000000	0.000000	8.700000	11.000000	27	-1.#IND00	-1.#IND00
0.200000	2.000000	91000.000000	10.000000	0.000000	1.000000	11.000000	1	-1.#IND00	-1.#IND00
1.400000	6.000000	120000.000000	7.000000	0.100000	4.000000	16.000000	19	1.552948	0.102857
0.300000	2.000000	140000.000000	1.000000	0.000000	8.000000	21.000000	28	-1.#IND00	-1.#IND00
1.700000	5.000000	130000.000000	10.000000	0.050000	6.000000	29.000000	5	1.093216	0.036726
1.400000	4.000000	90000.000000	8.000000	0.000000	4.000000	27.000000	3	-1.#IND00	-1.#IND00
1.100000	7.000000	100000.000000	5.500000	0.080000	10.000000	15.000000	1	1.187321	0.057647
0.100000	6.000000	106000.000000	4.600000	0.000000	8.000000	12.000000	19	-1.#IND00	-1.#IND00
0.700000	2.000000	120000.000000	5.000000	0.000000	3.700000	14.000000	28	-1.#IND00	-1.#IND00
0.100000	8.300000	135000.000000	8.000000	0.000000	10.000000	19.000000	5	-1.#IND00	-1.#IND00
0.200000	2.000000	72000.000000	10.000000	0.050000	3.000000	18.000000	2	1.169685	0.073714
0.200000	2.000000	100000.000000	4.000000	0.080000	2.000000	14.000000	11	0.679413	0.102742
1.600000	7.000000	100000.000000	6.000000	0.040000	6.000000	28.000000	6	2.478751	0.083182
0.300000	3.300000	129000.000000	10.000000	0.000000	9.200000	28.000000	21	-1.#IND00	-1.#IND00
0.500000	7.600000	70000.000000	8.000000	0.000000	10.000000	23.000000	1	-1.#IND00	-1.#IND00
0.200000	9.000000	94000.000000	5.000000	0.160000	10.000000	21.000000	23	3.579635	0.120653
0.300000	1.000000	80000.000000	3.000000	0.110000	9.000000	26.000000	11	0.808580	0.039388
0.600000	6.000000	84000.000000	8.000000	0.000000	1.900000	17.000000	13	-1.#IND00	-1.#IND00
0.200000	5.000000	90000.000000	4.000000	0.000000	9.000000	24.000000	22	-1.#IND00	-1.#IND00
1.900000	3.000000	110000.000000	4.000000	0.000000	2.000000	19.000000	14	-1.#IND00	-1.#IND00
0.300000	9.000000	87000.000000	8.100000	0.090000	10.000000	13.000000	0	3.285951	0.115369
1.700000	0.000000	70000.000000	4.000000	0.000000	5.000000	20.000000	1	-1.#IND00	-1.#IND00
0.200000	5.000000	79000.000000	4.000000	0.250000	3.000000	16.000000	0	2.523975	0.146657
0.300000	3.500000	72000.000000	10.600000	0.100000	1.800000	15.000000	1	0.755407	0.170301
0.000000	7.000000	90000.000000	1.000000	0.330000	10.000000	15.000000	7	0.693306	0.147620
0.200000	2.000000	100000.000000	9.700000	0.000000	3.000000	18.000000	17	-1.#IND00	-1.#IND00
0.800000	0.000000	120000.000000	7.000000	0.000000	8.000000	29.000000	21	-1.#IND00	-1.#IND00
1.300000	5.000000	50000.000000	3.000000	0.000000	1.000000	14.000000	22	-1.#IND00	-1.#IND00
0.500000	9.000000	70000.000000	8.000000	0.000000	5.000000	12.000000	6	-1.#IND00	-1.#IND00
0.800000	7.200000	145000.000000	8.400000	0.000000	10.000000	25.000000	6	-1.#IND00	-1.#IND00
0.200000	3.000000	94000.000000	8.000000	0.030000	7.400000	24.000000	22	0.409499	0.051470
0.200000	2.000000	100000.000000	4.000000	0.250000	10.000000	11.000000	2	1.689908	0.114214
0.300000	9.300000	58000.000000	5.900000	0.140000	1.300000	19.000000	1	1.745374	0.149516
0.400000	8.000000	90000.000000	10.000000	0.080000	5.000000	25.000000	3	1.883310	0.129941
0.000000	2.000000	100000.000000	4.000000	0.080000	5.000000	20.000000	1	1.012772	0.121234
0.000000	5.000000	70000.000000	1.400000	0.000000	8.800000	10.000000	4	-1.#IND00	-1.#IND00
0.300000	3.000000	110000.000000	10.000000	0.040000	6.000000	14.000000	5	1.133241	0.053106
0.000000	2.000000	50000.000000	5.900000	0.210000	8.200000	10.000000	11	3.930215	0.138454
0.200000	4.600000	80000.000000	9.000000	0.000000	10.000000	17.000000	1	-1.#IND00	-1.#IND00
0.400000	4.000000	50000.000000	5.000000	0.070000	7.000000	29.000000	9	0.977188	0.127422
0.200000	6.300000	132000.000000	2.400000	0.070000	6.000000	29.000000	17	0.721221	0.101242
1.100000	2.000000	100000.000000	5.100000	0.080000	5.000000	20.000000	14	1.045370	0.062288
1.900000	0.400000	130000.000000	7.700000	0.010000	7.700000	20.000000	9	4.110779	0.143352
0.800000	3.000000	80000.000000	9.000000	0.000000	6.000000	22.000000	1	-1.#IND00	-1.#IND00
0.000000	5.000000	120000.000000	2.000000	0.430000	5.000000	22.000000	6	2.147929	0.140104
0.300000	6.600000	110000.000000	4.000000	0.080000	3.200000	12.000000	3	0.952136	0.142578
0.800000	8.200000	74000.000000	8.400000	0.000000	2.000000	13.000000	6	-1.#IND00	-1.#IND00
1.000000	5.000000	80000.000000	7.000000	0.000000	6.000000	15.000000	1	-1.#IND00	-1.#IND00
0.000000	5.000000	126000.000000	9.000000	0.000000	1.400000	11.000000	6	-1.#IND00	-1.#IND00
0.700000	4.000000	80000.000000	1.000000	0.000000	8.100000	28.000000	26	-1.#IND00	-1.#IND00
0.000000	8.000000	60000.000000	5.000000	0.230000	6.000000	22.000000	2	2.736016	0.143417
0.100000	5.700000	50000.000000	8.200000	0.000000	7.000000	25.000000	0	-1.#IND00	-1.#IND00
0.200000	2.000000	100000.000000	4.000000	0.000000	9.300000	15.000000	18	-1.#IND00	-1.#IND00
0.800000	5.000000	140000.000000	7.000000	0.000000	7.000000	19.000000	1	-1.#IND00	-1.#IND00
0.000000	5.500000	81000.000000	10.100000	0.000000	3.300000	25.000000	23	-1.#IND00	-1.#IND00
1.100000	9.600000	90000.000000	2.000000	0.000000	7.000000	20.000000	1	-1.#IND00	-1.#IND00
0.200000	6.300000	141000.000000	2.800000	0.460000	9.400000	10.000000	1	2.069141	0.143643
1.100000	6.000000	90000.000000	10.400000	0.000000	5.500000	17.000000	6	-1.#IND00	-1.#IND00
0.100000	2.700000	62000.000000	7.000000	0.000000	5.000000	19.000000	0	-1.#IND00	-1.#IND00
0.100000	2.800000	95000.000000	3.000000	0.000000	8.600000	27.000000	0	-1.#IND00	-1.#IND00
1.100000	1.000000	80000.000000	10.700000	0.060000	10.000000	10.000000	4	1.257431	0.060492
1.600000	8.000000	110000.000000	8.000000	0.000000	4.800000	20.000000	1	-1.#IND00	-1.#IND00
0.200000	5.000000	90000.000000	8.000000	0.000000	4.500000	14.000000	11	-1.#IND00	-1.#IND00
0.500000	7.000000	60000.000000	10.000000	0.000000	3.000000	26.000000	4	-1.#IND00	-1.#IND00
1.400000	9.000000	122000.000000	6.300000	0.000000	3.900000	10.000000	22	-1.#IND00	-1.#IND00
0.300000	5.200000	90000.000000	1.000000	0.000000	8.600000	11.000000	3	-1.#IND00	-1.#IND00
0.300000	6.000000	140000.000000	9.000000	0.000000	7.000000	29.000000	7	-1.#IND00	-1.#IND00
0.100000	8.900000	120000.000000	8.000000	0.110000	7.000000	16.000000	20	1.967089	0.142944
0.300000	2.000000	78000.000000	3.000000	0.070000	3.400000	25.000000	1	0.576490	0.036622
0.200000	5.700000	80000.000000	8.400000	0.000000	2.900000	17.000000	1	-1.#IND00	-1.#IND00
0.200000	2.000000	100000.000000	2.000000	0.000000	9.000000	10.000000	5	-1.#IND00	-1.#IND00
0.900000	9.300000	50000.000000	2.000000	0.000000	7.000000	27.000000	21	-1.#IND00	-1.#IND00
0.300000	8.000000	80000.000000	5.000000	0.090000	1.000000	10.000000	12	0.948515	0.045402
0.000000	7.000000	70000.000000	2.000000	0.320000	7.300000	15.000000	26	-1.#IND00	-1.#IND00
0.300000	7.700000	100000.000000	4.400000	0.140000	9.000000	13.000000	23	2.637005	0.108763
0.500000	9.000000	100000.000000	4.100000	0.080000	5.000000	20.000000	1	0.892308	0.055177
0.300000	1.000000	90000.000000	6.000000	0.020000	6.000000	14.000000	2	0.715645	0.055372
0.000000	8.000000	127000.000000	7.000000	0.000000	3.800000	29.000000	0	-1.#IND00	-1.#IND00
1.800000	6.000000	145000.000000	10.000000	0.140000	1.000000	20.000000	17	4.304014	0.145444
1.900000	7.000000	127000.000000	3.800000	0.000000	1.000000	12.000000	14	-1.#IND00	-1.#IND00
1.800000	6.000000	120000.000000	5.000000	0.020000	6.000000	27.000000	7	0.567571	0.040466
0.400000	9.100000	128000.000000	8.800000	0.000000	5.000000	19.000000	20	-1.#IND00	-1.#IND00
0.000000	9.000000	60000.000000	10.000000	0.000000	2.000000	27.000000	13	-1.#IND00	-1.#IND00
0.000000	5.000000	80000.000000	5.000000	0.160000	5.000000	28.000000	3	2.310136	0.126966
0.200000	2.000000	100000.000000	4.000000	0.080000	5.000000	20.000000	0	2.531627	0.123917
1.900000	2.000000	110000.000000	8.000000	0.000000	2.000000	18.000000	28	-1.#IND00	-1.#IND00
0.000000	7.000000	131000.000000	10.000000	0.170000	3.500000	22.000000	1	2.868005	0.136355
1.400000	2.000000	100000.000000	4.000000	0.000000	5.000000	20.000000	16	-1.#IND00	-1.#IND00
0.000000	5.000000	90000.000000	2.000000	0.170000	1.000000	20.000000	10	2.025921	0.077724
0.900000	7.900000	132000.000000	8.300000	0.000000	5.400000	24.000000	12	-1.#IND00	-1.#IND00
0.200000	2.000000	100000.000000	4.000000	0.080000	5.000000	11.000000	17	1.434627	0.078352
0.200000	1.100000	86000.000000	6.000000	0.120000	3.600000	11.000000	0	4.761821	0.199392
1.800000	3.000000	110000.000000	9.000000	0.190000	10.000000	15.000000	13	2.946516	0.145683
0.800000	8.600000	80000.000000	5.000000	0.000000	9.400000	21.000000	26	-1.#IND00	-1.#IND00
0.000000	5.000000	70000.000000	2.000000	0.260000	6.000000	25.000000	1	1.400092	0.104961
0.400000	6.000000	143000.000000	3.000000	0.000000	8.000000	20.000000	1	-1.#IND00	-1.#IND00
0.200000	7.000000	50000.000000	8.000000	0.000000	3.000000	21.000000	4	-1.#IND00	-1.#IND00
1.800000	4.600000	120000.000000	6.900000	0.000000	4.000000	11.000000	11	-1.#IND00	-1.#IND00
1.600000	5.000000	70000.000000	9.000000	0.000000	6.100000	17.000000	14	-1.#IND00	-1.#IND00
0.200000	7.000000	60000.000000	3.000000	0.000000	3.000000	14.000000	15	-1.#IND00	-1.#IND00
0.200000	2.000000	50000.000000	6.000000	0.170000	9.000000	13.000000	8	3.002784	0.136626
0.100000	9.000000	104000.000000	7.000000	0.150000	2.000000	14.000000	1	3.059976	0.129686
0.500000	9.900000	102000.000000	9.600000	0.000000	8.100000	27.000000	15	-1.#IND00	-1.#IND00
0.300000	5.000000	100000.000000	6.000000	0.000000	3.000000	13.000000	28	-1.#IND00	-1.#IND00
0.200000	2.000000	100000.000000	4.000000	0.080000	5.000000	12.000000	16	5.584777	0.120361
0.100000	8.000000	130000.000000	8.100000	0.000000	1.600000	12.000000	17	-1.#IND00	-1.#IND00
1.000000	4.000000	80000.000000	8.000000	0.080000	5.000000	20.000000	1	1.607928	0.068335
0.200000	2.000000	100000.000000	4.000000	0.210000	9.000000	25.000000	15	1.894894	0.103028
0.100000	5.500000	92000.000000	10.000000	0.000000	2.900000	29.000000	18	-1.#IND00	-1.#IND00
0.100000	8.300000	134000.000000	2.700000	0.000000	3.100000	13.000000	14	-1.#IND00	-1.#IND00
1.600000	8.300000	110000.000000	4.300000	0.000000	10.900000	22.000000	20	-1.#IND00	-1.#IND00
0.200000	7.000000	120000.000000	1.000000	0.040000	10.000000	18.000000	1	0.707385	0.124851
0.200000	2.000000	100000.000000	4.000000	0.080000	5.000000	20.000000	18	0.878766	0.118866
0.000000	9.000000	115000.000000	3.100000	0.480000	7.600000	13.000000	21	-1.#IND00	-1.#IND00
0.000000	0.000000	130000.000000	10.000000	0.040000	5.000000	14.000000	1	3.526006	0.130563
1.300000	9.000000	60000.000000	8.000000	0.060000	3.000000	16.000000	2	1.506593	0.064296
0.000000	7.000000	50000.000000	5.000000	0.050000	6.000000	11.000000	0	0.697448	0.043883
0.000000	9.000000	110000.000000	8.000000	0.030000	3.000000	21.000000	7	0.814302	0.039135
0.200000	4.700000	142000.000000	2.600000	0.000000	8.600000	26.000000	11	-1.#IND00	-1.#IND00
1.800000	7.000000	80000.000000	4.000000	0.000000	8.000000	12.000000	14	-1.#IND00	-1.#IND00
0.200000	6.000000	100000.000000	4.000000	0.080000	5.000000	20.000000	17	1.956540	0.119838
0.100000	6.400000	90000.000000	8.000000	0.000000	5.000000	27.000000	26	-1.#IND00	-1.#IND00
1.900000	1.800000	80000.000000	2.000000	0.000000	7.000000	20.000000	10	-1.#IND00	-1.#IND00
1.300000	9.000000	110000.000000	9.000000	0.070000	8.000000	27.000000	11	1.404414	0.083144
0.100000	3.100000	106000.000000	8.200000	0.140000	3.000000	28.000000	29	3.578469	0.144747
0.500000	6.000000	60000.000000	6.000000	0.080000	5.000000	20.000000	1	1.243804	0.078534
0.000000	2.000000	140000.000000	4.000000	0.000000	3.100000	20.000000	20	-1.#IND00	-1.#IND00
0.200000	4.000000	120000.000000	5.100000	0.200000	5.000000	28.000000	1	3.280572	0.125827
0.100000	2.000000	90000.000000	3.000000	0.000000	4.000000	14.000000	24	-1.#IND00	-1.#IND00
1.100000	6.000000	90000.000000	2.000000	0.000000	8.400000	28.000000	24	-1.#IND00	-1.#IND00
0.100000	5.000000	134000.000000	10.100000	0.000000	6.200000	12.000000	19	-1.#IND00	-1.#IND00
0.200000	2.000000	100000.000000	8.000000	0.000000	4.000000	10.000000	20	-1.#IND00	-1.#IND00
0.300000	3.000000	110000.000000	6.000000	0.050000	4.000000	18.000000	6	0.965632	0.056397
0.200000	2.000000	100000.000000	4.000000	0.080000	5.000000	22.000000	2	1.554524	0.070921
1.900000	5.100000	130000.000000	1.300000	0.000000	10.500000	15.000000	9	-1.#IND00	-1.#IND00
1.900000	8.400000	70000.000000	9.000000	0.000000	2.300000	20.000000	27	-1.#IND00	-1.#IND00
0.800000	2.000000	90000.000000	8.000000	0.030000	6.000000	15.000000	6	1.864981	0.070515
0.000000	1.000000	110000.000000	6.200000	0.000000	3.000000	10.000000	16	-1.#IND00	-1.#IND00
0.300000	2.000000	100000.000000	4.000000	0.080000	9.000000	17.000000	7	0.995237	0.076520
0.300000	7.000000	120000.000000	10.000000	0.080000	1.800000	24.000000	9	2.515032	0.120707
0.200000	2.000000	100000.000000	4.000000	0.080000	5.000000	26.000000	4	0.890496	0.113378
0.200000	2.000000	100000.000000	9.800000	0.080000	7.000000	23.000000	4	1.612930	0.059639
0.100000	3.200000	100000.000000	4.000000	0.080000	5.000000	20.000000	1	0.826388	0.076769
0.000000	0.000000	120000.000000	7.000000	0.000000	7.000000	18.000000	11	-1.#IND00	-1.#IND00
1.800000	9.000000	92000.000000	4.400000	0.000000	6.900000	21.000000	3	-1.#IND00	-1.#IND00
1.800000	0.000000	92000.000000	10.000000	0.000000	10.800000	27.000000	26	-1.#IND00	-1.#IND00
0.000000	5.700000	70000.000000	2.000000	0.330000	4.500000	17.000000	7	1.839181	0.149677
0.200000	2.000000	100000.000000	4.000000	0.040000	5.000000	26.000000	17	0.835665	0.055897
1.600000	5.000000	136000.000000	8.000000	0.000000	1.200000	22.000000	24	-1.#IND00	-1.#IND00
1.200000	6.000000	130000.000000	8.300000	0.000000	1.000000	26.000000	1	-1.#IND00	-1.#IND00
0.200000	6.000000	90000.000000	10.000000	0.110000	5.100000	16.000000	19	3.136102	0.111285
0.000000	5.000000	140000.000000	9.000000	0.000000	5.000000	14.000000	14	-1.#IND00	-1.#IND00
1.500000	5.000000	90000.000000	9.600000	0.000000	7.500000	10.000000	17	-1.#IND00	-1.#IND00
1.700000	0.000000	50000.000000	1.000000	0.000000	10.000000	29.000000	1	-1.#IND00	-1.#IND00
1.200000	8.000000	81000.000000	8.000000	0.000000	3.000000	24.000000	22	-1.#IND00	-1.#IND00
0.800000	7.800000	100000.000000	7.300000	0.000000	5.000000	20.000000	26	-1.#IND00	-1.#IND00
0.200000	5.000000	90000.000000	2.000000	0.330000	4.000000	16.000000	6	1.425505	0.099080
0.300000	2.000000	105000.000000	9.300000	0.080000	2.000000	22.000000	19	7.440717	0.132347
0.200000	8.500000	100000.000000	4.000000	0.080000	5.000000	11.000000	10	1.199676	0.120496
0.000000	6.700000	77000.000000	8.500000	0.110000	7.400000	25.000000	9	3.073563	0.142720
0.100000	9.000000	88000.000000	4.000000	0.080000	5.000000	20.000000	1	1.262447	0.071578
0.900000	4.000000	120000.000000	10.000000	0.020000	8.000000	16.000000	9	1.325301	0.042147
1.200000	6.500000	90000.000000	2.000000	0.000000	5.300000	16.000000	15	-1.#IND00	-1.#IND00
0.300000	2.000000	100000.000000	8.400000	0.000000	1.200000	27.000000	27	-1.#IND00	-1.#IND00
0.700000	2.000000	110000.000000	10.500000	0.000000	1.000000	20.000000	1	-1.#IND00	-1.#IND00
0.200000	2.000000	100000.000000	4.000000	0.170000	9.000000	28.000000	8	1.991476	0.116935
0.200000	0.000000	96000.000000	2.700000	0.000000	10.000000	18.000000	19	-1.#IND00	-1.#IND00
1.400000	7.000000	60000.000000	7.000000	0.020000	9.000000	25.000000	1	0.755176	0.044527
